5,6,128872.29105132
5,6,1519.34683107
5,6,480061.15801382
5,6,272183.23002174
5,6,32947.84994754
5,6,69178.57772265
5,6,53303.09128516
5,6,26288.61759352
5,6,221882.3006552
5,6,16673.53146258
5,6,427211.19541024
5,6,42790.74788313
5,6,148340.6918418
5,6,531094.81625079
5,6,110261.89907771
5,6,9921.80682641
5,6,369190.42309295
5,6,305298.54427212
5,6,531931.77826288
5,6,505783.90277329
5,6,3897.6591378
5,6,306746.10427378
5,6,26084.04932324
5,6,361156.24049564
5,6,478591.60833561
5,6,364898.64155792
5,6,228338.27130738
5,6,40086.54283751
5,6,464095.5959213
5,6,75292.13182474
5,6,93588.5476159
5,6,72727.39630185
5,6,348915.47609945
5,6,116414.33648486
5,6,51816.13624258
5,6,207511.12870653
5,6,340799.73911406
5,6,175478.50235676
5,6,503531.52248175
5,6,52907.91671397
5,6,620432.72612972
5,6,50809.3579186
5,6,396774.8399996
5,6,319820.64427789
5,6,50169.97244783
5,6,273601.91868682
5,6,122498.58687037
5,6,149555.57611941
5,6,63514.79125056
5,6,282290.64211334
