5,21,350.86803751
5,21,382.18223855
5,21,370.32761532
5,21,329.70871668
5,21,338.2558679
5,21,324.74183365
5,21,426.3214114
5,21,359.75235179
5,21,378.15970594
5,21,473.95566375
5,21,411.96670789
5,21,391.66167308
5,21,351.36189463
5,21,328.50663814
5,21,304.17680317
5,21,416.62328391
5,21,317.11160435
5,21,377.41856407
5,21,408.85058731
5,21,451.80561367
5,21,311.99778187
5,21,330.99718851
5,21,403.71823214
5,21,351.87696382
5,21,332.45424374
5,21,309.00765577
5,21,319.43603374
5,21,314.586295
5,21,352.21885485
5,21,352.57788804
5,21,411.15630037
5,21,373.55040101
5,21,384.09368984
5,21,381.62273509
5,21,468.11020512
5,21,350.3911898
5,21,330.78680523
5,21,344.70184924
5,21,323.13122965
5,21,393.48775322
5,21,372.52844291
5,21,308.77712007
5,21,382.76042909
5,21,368.89746441
5,21,355.11266042
5,21,349.11221429
5,21,346.33352441
5,21,343.41909533
5,21,371.20841788
5,21,376.43723412
