3,23,197.77335722
3,23,186.02657002
3,23,214.26447546
3,23,215.58671873
3,23,227.99917311
3,23,149.64504824
3,23,217.32667855
3,23,201.09448013
3,23,212.0401807
3,23,183.42223048
3,23,184.10275059
3,23,219.98004953
3,23,240.27635885
3,23,238.94050206
3,23,169.04432212
3,23,189.37821704
3,23,239.77408575
3,23,240.27368491
3,23,243.10384528
3,23,219.85506004
3,23,237.97709559
3,23,199.9829357
3,23,194.03800316
3,23,182.01414734
3,23,190.31939852
3,23,232.25333404
3,23,236.95754286
3,23,197.47785496
3,23,197.41037959
3,23,231.68885427
