5,7,820.42322445
5,7,1360.52519728
5,7,654.88892816
5,7,691.36137549
5,7,1861.62742244
5,7,616.48880603
5,7,1212.13192431
5,7,156.97086778
5,7,1287.97480148
5,7,2463.53898361
5,7,1520.50573533
5,7,257.15980812
5,7,1206.17412493
5,7,138.91170061
5,7,407.83020996
5,7,205.8822034
5,7,73.73338759
5,7,180.7344698
5,7,2885.77250726
5,7,248.59904423
5,7,298.17713671
5,7,3811.0550431
5,7,27.69679451
5,7,1041.04339022
5,7,56.18178102
5,7,139.36799651
5,7,208.95601745
5,7,184.72964805
5,7,662.91741059
5,7,1235.00636366
5,7,349.25577144
5,7,326.7840357
5,7,1485.79669761
5,7,859.84323215
5,7,828.29007747
5,7,200.39821278
5,7,267.08455964
5,7,14.58978309
5,7,91.91522655
5,7,1278.43258606
5,7,306.43677716
5,7,497.71984101
5,7,442.77958665
5,7,3657.1110021
5,7,1618.46451005
5,7,1398.54594167
5,7,670.5756729
5,7,1447.65090308
5,7,1418.42028242
5,7,1037.66634558
