3,9,51483.16883577
3,9,22377.84006368
3,9,2751.74000893
3,9,6478.48318991
3,9,21737.87995184
3,9,50425.94925233
3,9,101590.08280609
3,9,62566.72595498
3,9,6040.04786349
3,9,29119.67374318
3,9,11969.93576204
3,9,373.18730351
3,9,48880.32589251
3,9,72501.07846586
3,9,696.37280433
3,9,90857.14772817
3,9,479.99414819
3,9,41726.44769805
3,9,8833.11605245
3,9,13553.76513263
3,9,24515.81154324
3,9,111777.5831749
3,9,9988.16517187
3,9,31029.23025811
3,9,21203.9446558
3,9,279.80320994
3,9,36608.74803057
3,9,18687.03852764
3,9,25972.42687372
3,9,106.15854604
