5,18,5.81372058
5,18,251.63958558
5,18,109.87883386
5,18,932.77311932
5,18,101.58700054
5,18,96.7199342
5,18,363.58124968
5,18,534.74841621
5,18,358.0709711
5,18,307.24109157
5,18,69.31893364
5,18,66.5723245
5,18,35.75160801
5,18,1019.5101137
5,18,641.15721492
5,18,20.5293935
5,18,69.62169614
5,18,141.78536002
5,18,505.50741544
5,18,102.96580231
5,18,2606.40993396
5,18,172.03395903
5,18,80.60659545
5,18,80.80383439
5,18,1175.17904808
5,18,94.24966974
5,18,124.9524055
5,18,373.62505387
5,18,118.53914849
5,18,134.15074201
5,18,122.10892389
5,18,151.65108621
5,18,85.81834285
5,18,251.26251129
5,18,25.53882762
5,18,363.72248249
5,18,550.99158904
5,18,7.95147318
5,18,13.71974861
5,18,206.89185458
5,18,73.08362175
5,18,399.34252044
5,18,4.40575326
5,18,26.58849991
5,18,70.84100625
5,18,69.17908563
5,18,194.39008534
5,18,386.33361947
5,18,142.98433181
5,18,659.39960525
