3,13,1188.70117908
3,13,389.54187975
3,13,716.31971857
3,13,97.98411849
3,13,1603.53770458
3,13,1301.26897378
3,13,2338.83325029
3,13,1024.94054662
3,13,1426.28430265
3,13,773.13223669
3,13,947.08113132
3,13,481.11052922
3,13,34.30104548
3,13,202.50054672
3,13,246.46346514
3,13,34.13461395
3,13,826.77845094
3,13,571.16977524
3,13,766.37589818
3,13,470.36705097
3,13,727.24188356
3,13,197.386454
3,13,341.00180169
3,13,1880.89357582
3,13,1337.91941785
3,13,131.8518078
3,13,1744.25264519
3,13,150.67524407
3,13,1230.62693631
3,13,153.7954196
