5,17,83.05637329
5,17,62.66366339
5,17,56.00862622
5,17,81.67333987
5,17,50.05908489
5,17,207.63717645
5,17,348.64541237
5,17,50.83804976
5,17,41.60536382
5,17,61.46020194
5,17,59.09469271
5,17,78.14304426
5,17,68.53257047
5,17,24.98106853
5,17,46.62914695
5,17,72.1438086
5,17,73.85687997
5,17,50.24773955
5,17,53.80516067
5,17,78.85100276
5,17,72.71010859
5,17,63.37388503
5,17,126.2393732
5,17,197.16683956
5,17,61.46664583
5,17,10.14524917
5,17,74.60881827
5,17,82.62413017
5,17,28.67774988
5,17,178.34384558
5,17,74.43827516
5,17,61.43398164
5,17,42.87740233
5,17,82.88345818
5,17,120.3984767
5,17,72.59264034
5,17,284.046443
5,17,50.00945078
5,17,33.49534286
5,17,38.89303375
5,17,75.83598595
5,17,91.35963439
5,17,297.19571747
5,17,23.57367328
5,17,136.43560213
5,17,67.13337673
5,17,69.15570088
5,17,69.35564466
5,17,57.55154564
5,17,90.59258853
