3,7,973.63167146
3,7,466.70328648
3,7,27.39072035
3,7,227.02990646
3,7,147.10629643
3,7,122.98818262
3,7,1212.36726959
3,7,44.92814184
3,7,243.22943107
3,7,247.4089433
3,7,445.00361506
3,7,358.76248963
3,7,11.27124414
3,7,19.49863507
3,7,997.65495353
3,7,248.23159912
3,7,40.2382355
3,7,447.22108159
3,7,586.45289899
3,7,575.12397563
3,7,121.8828881
3,7,1028.18400039
3,7,294.61281222
3,7,658.95587207
3,7,25.21817995
3,7,345.63813028
3,7,354.01209977
3,7,493.14897188
3,7,215.3008736
3,7,318.79627299
