3,17,98.71778462
3,17,56.95948025
3,17,140.76235557
3,17,190.50698728
3,17,151.40196566
3,17,165.75278437
3,17,63.84454258
3,17,128.05630814
3,17,109.47031141
3,17,9.81869061
3,17,194.21126318
3,17,119.71921537
3,17,127.60489042
3,17,132.45061955
3,17,115.16474792
3,17,80.14143153
3,17,114.56757129
3,17,132.4834085
3,17,124.23693258
3,17,118.68112808
3,17,129.77958459
3,17,90.0834281
3,17,34.0864161
3,17,109.64167508
3,17,5.18971794
3,17,119.57031796
3,17,94.26266686
3,17,81.45268913
3,17,59.402932
3,17,100.81369207
