3,17,1025.37373519
3,17,1049.5101106
3,17,1068.0656279
3,17,1010.53780365
3,17,1092.41344802
3,17,970.26758616
3,17,1047.79519624
3,17,1038.75105883
3,17,1001.19448267
3,17,1021.57696065
3,17,1004.22478348
3,17,1007.88055583
3,17,1001.53355652
3,17,1071.01006354
3,17,1029.05466219
3,17,1012.77145848
3,17,1017.11851914
3,17,1034.98276485
3,17,1040.61097775
3,17,980.87721637
3,17,980.20856965
3,17,719.36754
3,17,991.78520701
3,17,1019.19738865
3,17,998.44131917
3,17,1103.71252669
3,17,1043.99511948
3,17,1069.25440787
3,17,974.46752781
3,17,908.320579
