5,1,3.25829002
5,1,13.88978967
5,1,155.24429634
5,1,62.04891766
5,1,146.71589451
5,1,38.08346155
5,1,83.44519227
5,1,119.01198794
5,1,35.40816716
5,1,106.92564049
5,1,35.75965113
5,1,120.8291565
5,1,40.03610393
5,1,2.63424508
5,1,80.73932045
5,1,140.09402136
5,1,96.15062949
5,1,142.90275545
5,1,144.71840388
5,1,229.85712781
5,1,147.62327818
5,1,123.93988184
5,1,195.11864451
5,1,213.29949228
5,1,23.58548763
5,1,101.84043823
5,1,193.19073586
5,1,71.38916461
5,1,77.38685809
5,1,56.57619094
5,1,204.73287198
5,1,148.59637718
5,1,3.84468847
5,1,160.27116746
5,1,65.36573723
5,1,7.97483877
5,1,28.14453954
5,1,46.12882073
5,1,68.57860529
5,1,47.80862272
5,1,42.21684949
5,1,18.50490681
5,1,76.69285244
5,1,42.71125392
5,1,100.21746845
5,1,217.55766158
5,1,29.76185343
5,1,95.88076206
5,1,38.35567306
5,1,9.71559955
