5,8,3405.45131253
5,8,11119.28460815
5,8,19953.0571902
5,8,2829.79346113
5,8,70625.06422436
5,8,145681.96353689
5,8,11190.53829207
5,8,8210.0150071
5,8,63936.99229138
5,8,48817.3324826
5,8,27315.23759765
5,8,35525.51596886
5,8,47491.10422851
5,8,159397.98492357
5,8,93768.62717577
5,8,30409.82591312
5,8,61788.42679485
5,8,37202.52952005
5,8,216052.29875898
5,8,27798.61905306
5,8,22469.66460722
5,8,78538.25163021
5,8,425263.99969438
5,8,97692.41929497
5,8,266762.71412107
5,8,35864.8179778
5,8,3101.75905695
5,8,116458.16854506
5,8,18885.05922675
5,8,76854.17117243
5,8,98324.98190289
5,8,136081.20883507
5,8,11500.14973316
5,8,35656.8751365
5,8,26202.56882595
5,8,13481.88876096
5,8,65199.2274932
5,8,52536.14415026
5,8,37228.62490705
5,8,31926.54701654
5,8,96827.99965439
5,8,3480.02533332
5,8,43503.45699178
5,8,61922.42921969
5,8,30600.6672034
5,8,18650.84305904
5,8,92999.37402439
5,8,36987.99478839
5,8,3422.25730128
5,8,94964.92838585
