3,21,514.6185191
3,21,439.65922281
3,21,510.68191861
3,21,500.14316011
3,21,516.3503987
3,21,531.29884105
3,21,532.75867966
3,21,535.23804804
3,21,550.8023674
3,21,494.29518816
3,21,472.87639864
3,21,555.33375896
3,21,544.21634891
3,21,479.83281107
3,21,528.81393052
3,21,456.67836496
3,21,520.50958355
3,21,548.91450728
3,21,513.40520831
3,21,430.02823908
3,21,517.42321151
3,21,422.80743211
3,21,553.27245734
3,21,517.85304924
3,21,475.01759898
3,21,425.79953146
3,21,552.99264908
3,21,499.32740299
3,21,507.95946069
3,21,489.39617154
