3,8,28113.68334242
3,8,2054.1886107
3,8,9935.14420435
3,8,13124.57603879
3,8,68576.65947285
3,8,37096.41905872
3,8,232743.91986473
3,8,69171.28039596
3,8,150311.02747969
3,8,92912.34971586
3,8,8297.82601078
3,8,109735.23995245
3,8,11773.58154589
3,8,4581.37824108
3,8,3902.58652824
3,8,39194.34795033
3,8,258498.01775224
3,8,130458.08539987
3,8,31406.03795024
3,8,3364.75606222
3,8,14316.49619401
3,8,14611.15054455
3,8,41707.13447541
3,8,40762.50864188
3,8,17539.81983422
3,8,96698.35434409
3,8,85799.43408549
3,8,191418.17105958
3,8,24630.98934675
3,8,150.6322493
