5,3,2206.71566934
5,3,867.73824703
5,3,2600.50880921
5,3,445.65409155
5,3,195.32691678
5,3,56.13307965
5,3,194.49089453
5,3,92.91099795
5,3,823.71389754
5,3,661.06942229
5,3,4519.73207022
5,3,266.1611799
5,3,1114.94529748
5,3,2301.30551834
5,3,8614.32638036
5,3,3633.39001243
5,3,3901.70408809
5,3,651.36253207
5,3,1898.6924408
5,3,1628.2161316
5,3,1031.82079936
5,3,2523.2376251
5,3,621.6628695
5,3,2009.07060613
5,3,198.70897179
5,3,2355.39244578
5,3,10.43942471
5,3,268.65486021
5,3,2409.36850409
5,3,455.99488162
5,3,3591.31413707
5,3,207.36805652
5,3,7407.70654114
5,3,10727.57007386
5,3,5172.4753988
5,3,3737.99098235
5,3,367.41187558
5,3,1210.64801633
5,3,837.33738844
5,3,763.46400985
5,3,1355.6924441
5,3,87.72247631
5,3,453.99909217
5,3,53.00058235
5,3,1583.77359713
5,3,8631.50842651
5,3,50.3444216
5,3,938.59193585
5,3,332.40903193
5,3,7518.01665192
