5,2,1579508.95671557
5,2,22223240.27549901
5,2,22277969.96207844
5,2,58639905.57879576
5,2,51717516.60613022
5,2,8036380.31352022
5,2,3122225.74313629
5,2,3318207.73775462
5,2,45713431.72703562
5,2,16445447.94073867
5,2,5242576.5063052
5,2,551786.2951197
5,2,19728534.94195666
5,2,53832923.11422852
5,2,6345231.85202161
5,2,59406897.98313753
5,2,6678455.19468288
5,2,20374666.46193202
5,2,6437836.35465744
5,2,1757813.79448199
5,2,7292120.1140165
5,2,2179513.38777693
5,2,22084990.58861504
5,2,14626918.2398218
5,2,641208.03080591
5,2,34975780.39117259
5,2,2693422.61817564
5,2,56781138.21179134
5,2,20987588.081378
5,2,3477043.78618276
5,2,60975175.51515462
5,2,17680249.88176493
5,2,21059795.45001577
5,2,7098055.97032555
5,2,52099265.48964478
5,2,14022719.76810935
5,2,22883468.38805666
5,2,2244733.69821041
5,2,18038392.87176713
5,2,4245688.68980935
5,2,2463960.83612741
5,2,9638134.15357613
5,2,41752895.50067049
5,2,10456244.88856752
5,2,13434848.52919362
5,2,31556183.26281324
5,2,342209.72217581
5,2,3833837.39274204
5,2,45141450.67165679
5,2,18197769.61061001
