5,20,233660.06690009
5,20,11140.1654237
5,20,18134.76419843
5,20,55632.3799292
5,20,57924.85071854
5,20,112578.149267
5,20,17170.15345693
5,20,97950.72235293
5,20,59968.21280236
5,20,6714.92764142
5,20,31063.09167762
5,20,89259.97754575
5,20,42307.68907779
5,20,18809.60339838
5,20,5465.58712944
5,20,113077.61296113
5,20,140993.74177845
5,20,93990.50966417
5,20,93943.85392494
5,20,12080.32313243
5,20,83057.91896093
5,20,69425.79159146
5,20,47789.66544129
5,20,4067.11385808
5,20,30139.05903976
5,20,51452.82585496
5,20,30134.04635695
5,20,7669.37674046
5,20,127321.26151146
5,20,18942.55382992
5,20,8243.96898111
5,20,19457.17909393
5,20,79155.83399768
5,20,85064.79494217
5,20,14050.67842728
5,20,17597.75100599
5,20,16475.97013311
5,20,4245.52314642
5,20,56297.68460776
5,20,126090.16404877
5,20,18087.37499041
5,20,5405.80648008
5,20,113845.7991622
5,20,1630.13482168
5,20,3566.13534795
5,20,1100.15536057
5,20,109106.04211969
5,20,42885.39037663
5,20,20811.15922848
5,20,112588.24392149
