5,13,1829.28245948
5,13,495.47974217
5,13,1969.91878497
5,13,718.81990391
5,13,1087.20675029
5,13,590.52672849
5,13,1268.47500395
5,13,673.07710442
5,13,381.89097349
5,13,1055.06790364
5,13,1123.03935399
5,13,995.04518705
5,13,1095.95862672
5,13,3316.92094404
5,13,1134.84454678
5,13,1102.69199699
5,13,1347.84522793
5,13,1855.01041653
5,13,1742.86340845
5,13,1172.71764376
5,13,0.45918951
5,13,1454.90782412
5,13,1301.01448962
5,13,1291.97103932
5,13,591.6234938
5,13,1915.72535707
5,13,545.92236015
5,13,2315.96671673
5,13,85.24045227
5,13,1723.61093612
5,13,234.09105195
5,13,209.83655769
5,13,1318.8735477
5,13,822.62243489
5,13,145.73937013
5,13,1353.71203209
5,13,230.13725208
5,13,622.02422387
5,13,110.12401119
5,13,462.72651832
5,13,1749.18228427
5,13,444.88719363
5,13,1254.99495487
5,13,358.92141954
5,13,86.94007715
5,13,1086.07005265
5,13,911.07380143
5,13,427.34095618
5,13,767.93663624
5,13,485.23531709
