5,10,8231621.46302161
5,10,28283678.62262662
5,10,15875338.32988689
5,10,20535492.41166623
5,10,30811804.6514846
5,10,24655543.43452138
5,10,9556669.71771323
5,10,24234712.60456019
5,10,9390784.17967645
5,10,14191976.79023582
5,10,19258104.01370407
5,10,6096771.21507085
5,10,2532535.58299704
5,10,17942307.7439386
5,10,4260179.59504288
5,10,1310995.64953229
5,10,47668589.22651362
5,10,3108109.45227312
5,10,14984777.56553385
5,10,80148200.43464865
5,10,29407148.75782638
5,10,9950786.41003286
5,10,31278076.24264723
5,10, 1.65291946e+08
5,10,30939031.99668796
5,10,17632571.84750306
5,10,9573180.46746566
5,10,41180582.40809649
5,10,54299849.82457043
5,10,5235094.13348927
5,10,17061081.9409209
5,10,4383805.14028825
5,10,40820.13795158
5,10,19295703.57252182
5,10,10937547.04075918
5,10,1549351.97091472
5,10,1597114.64136921
5,10,19437771.75867753
5,10,481867.67025986
5,10,10349470.15704945
5,10,3314483.11110171
5,10,7244523.50511953
5,10,7959518.32479733
5,10,22011106.63311414
5,10,18148288.8120967
5,10,15311787.66227835
5,10,6607208.90431518
5,10,42742364.36774904
5,10, 1.15198064e+08
5,10,17225310.40920144
