5,7,489.41417499
5,7,1278.21693005
5,7,2887.19512042
5,7,1075.68892846
5,7,496.18050481
5,7,753.99109318
5,7,2366.8751297
5,7,1017.06861148
5,7,1895.4674785
5,7,2369.32807708
5,7,365.48959301
5,7,550.55367489
5,7,151.7914118
5,7,762.0143496
5,7,447.78904988
5,7,1062.31724212
5,7,2205.17812269
5,7,582.14397333
5,7,1322.16136432
5,7,446.29358447
5,7,847.9797717
5,7,527.27978051
5,7,762.86810428
5,7,2445.23022802
5,7,1018.44107639
5,7,477.78889439
5,7,84.94499052
5,7,604.11908597
5,7,722.09544171
5,7,1058.86470597
5,7,836.92711104
5,7,1449.66692349
5,7,1496.09922228
5,7,1278.01128092
5,7,995.3429823
5,7,756.16544353
5,7,542.27994655
5,7,688.20338442
5,7,392.62538218
5,7,1215.00528802
5,7,2612.83510178
5,7,771.68784796
5,7,714.70475241
5,7,976.99098584
5,7,2186.07142303
5,7,929.42665627
5,7,2508.93646748
5,7,884.17926039
5,7,2002.65995678
5,7,810.33808054
