3,20,30402.06046012
3,20,5544.83193376
3,20,19748.63424659
3,20,6985.83246824
3,20,11941.83806389
3,20,21070.74258459
3,20,2117.52914202
3,20,1845.39407385
3,20,27048.61272813
3,20,17216.88998886
3,20,24709.23736297
3,20,66630.39442276
3,20,102046.43078522
3,20,58143.99972547
3,20,2634.63020844
3,20,42093.08620156
3,20,36516.64820822
3,20,16544.40392719
3,20,86239.60029395
3,20,6082.02894563
3,20,36610.83399129
3,20,86223.1933278
3,20,2235.07542779
3,20,13057.10583656
3,20,31038.24041189
3,20,87368.7496835
3,20,860.31487475
3,20,4013.18230299
3,20,12780.23494746
3,20,67646.92563909
