3,14,94.95813484
3,14,529.93168894
3,14,86.02995291
3,14,100.8391871
3,14,204.24555505
3,14,155.51662142
3,14,126.93339663
3,14,109.94692468
3,14,75.9349879
3,14,138.1867807
3,14,209.41957879
3,14,449.37693157
3,14,594.9173295
3,14,168.7616723
3,14,174.19531487
3,14,131.19414647
3,14,176.59776631
3,14,106.47089709
3,14,137.39840973
3,14,129.11069729
3,14,222.59545589
3,14,160.80797754
3,14,178.24959179
3,14,154.23007238
3,14,211.60632591
3,14,153.79491762
3,14,85.04754177
3,14,152.05331852
3,14,191.12827298
3,14,218.60434778
