5,10,75952734.5281454
5,10,8120938.34294675
5,10,872715.19359032
5,10,7299442.22725649
5,10,14694918.61414857
5,10,20434013.30488648
5,10,32632733.40675401
5,10,22095158.29925524
5,10,17131521.62461383
5,10,31430178.84240215
5,10,15023133.61119853
5,10,35096824.46721955
5,10,758696.07375058
5,10,7080439.64061543
5,10,58887149.26425318
5,10,13741470.75369159
5,10,3683518.73751232
5,10,11458274.13661491
5,10,7763604.24473338
5,10,712137.60476638
5,10,32486075.50703641
5,10,34398058.59194792
5,10,18093769.80245228
5,10,17564358.17100702
5,10,3511290.82276033
5,10,62150043.31840477
5,10,3875776.53835355
5,10,6431906.69522658
5,10,15454735.71524808
5,10,1471065.6494579
5,10,19390002.0114928
5,10,83107925.31891638
5,10,15182540.32763433
5,10,34731889.66119581
5,10,2585886.29593291
5,10,7011259.75182435
5,10,12820381.26639062
5,10,280276.57014092
5,10,43176594.13427563
5,10,22731796.56201904
5,10,15773234.70465471
5,10,4172167.22908923
5,10,1983745.15421734
5,10,6215541.2784087
5,10,15955857.5454747
5,10,49166691.27829927
5,10,21649734.8821231
5,10,19939546.12537569
5,10,22366497.70214409
5,10,1989457.25152241
