5,11,4859933.76010277
5,11,4113419.07306656
5,11,8272718.53741831
5,11,12584626.50974783
5,11,42866284.33742173
5,11,1634239.89734541
5,11,12451683.24492519
5,11,4149561.36507139
5,11,12500894.55382612
5,11,1438160.1634018
5,11,10990251.27716945
5,11,16927286.29579108
5,11,803948.47836776
5,11,3037838.22323479
5,11,2032289.03700237
5,11,17871795.52841302
5,11,4149380.685647
5,11,6656126.53811724
5,11,6309345.64278195
5,11,5640134.38886795
5,11,25606766.40166882
5,11,5347733.72156317
5,11,19166538.32542751
5,11,10423178.7940893
5,11,10085370.02101524
5,11,8563021.044174
5,11,24575607.94157733
5,11,3721092.41219299
5,11,6850378.56861616
5,11,12627003.52848973
5,11,19536720.42756627
5,11,694598.23848401
5,11,287197.58479189
5,11,246429.69758683
5,11,766368.68309741
5,11,28093454.28986551
5,11,8908021.37030059
5,11,3469320.14765217
5,11,1829407.55185449
5,11,65782878.34424952
5,11,658503.4196841
5,11,15565676.05614013
5,11,7241896.75638632
5,11,5121174.08388151
5,11,1134418.8080603
5,11,23472127.97362089
5,11,475293.95773127
5,11,4932836.51928009
5,11,59272446.32832564
5,11,20657285.89972718
