5,22,680.95978898
5,22,1396.638724
5,22,1864.80823317
5,22,1186.62718783
5,22,701.64080267
5,22,1052.83494571
5,22,394.86085615
5,22,1315.54517401
5,22,902.61685007
5,22,2792.51456301
5,22,1481.83641688
5,22,869.90263453
5,22,1228.77801373
5,22,404.39147378
5,22,1468.31812958
5,22,1160.81624452
5,22,1008.39076073
5,22,941.09678281
5,22,781.32461012
5,22,443.23671043
5,22,1335.3616972
5,22,710.87195319
5,22,461.57278391
5,22,934.48180382
5,22,1716.70617049
5,22,1564.53090544
5,22,793.07875899
5,22,974.80890007
5,22,1065.70212666
5,22,686.93586097
5,22,613.7293784
5,22,741.76146617
5,22,1094.14606874
5,22,1456.4033247
5,22,481.79618746
5,22,1746.92441602
5,22,1395.0789516
5,22,814.28773671
5,22,973.9853651
5,22,471.76784996
5,22,1678.10119637
5,22,462.3778547
5,22,636.10195034
5,22,1122.291274
5,22,967.71552613
5,22,1036.70825625
5,22,970.61821923
5,22,902.87519203
5,22,525.00311724
5,22,650.4827806
