3,18,57.46912082
3,18,1578.36983998
3,18,71.49986623
3,18,128.40250284
3,18,89.7351802
3,18,8.02654709
3,18,327.15180067
3,18,155.81770225
3,18,1426.40271433
3,18,134.94030973
3,18,33.42610174
3,18,122.29840567
3,18,2007.39971287
3,18,117.75277632
3,18,27.88257012
3,18,329.66250092
3,18,154.05865669
3,18,232.37889544
3,18,681.73104969
3,18,560.53436667
3,18,79.85456044
3,18,63.14684034
3,18,157.12564344
3,18,210.17088334
3,18,250.75258904
3,18,81.65449912
3,18,122.59985864
3,18,1254.61730017
3,18,1157.60577926
3,18,517.94705384
