5,23,2.87920753
5,23,2.13597407
5,23,5.27927869
5,23,12.16463481
5,23,18.01105698
5,23,9.65599518
5,23,6.27555371
5,23,29.10508424
5,23,20.34528993
5,23,18.55744742
5,23,11.29535596
5,23,0.99427372
5,23,4.80388863
5,23,7.10456584
5,23,24.88107439
5,23,6.4337839
5,23,25.51488576
5,23,0.76441729
5,23,13.03898718
5,23,8.85330105
5,23,10.89838383
5,23,12.81275876
5,23,18.13904556
5,23,5.03977205
5,23,0.59674481
5,23,9.12090776
5,23,15.88717032
5,23,2.71235352
5,23,27.14291023
5,23,24.86350595
5,23,20.13100129
5,23,9.8210603
5,23,1.61343779
5,23,1.79177329
5,23,30.08208351
5,23,0.57867521
5,23,23.10982964
5,23,7.68970593
5,23,39.65407333
5,23,25.06950759
5,23,8.53995963
5,23,13.07153915
5,23,23.32946872
5,23,1.76999787
5,23,4.75543459
5,23,12.8065147
5,23,6.29486335
5,23,9.78262114
5,23,19.23503495
5,23,9.73469074
