5,6,114476.55247337
5,6,30233.48521308
5,6,95973.03245735
5,6,30651.297602
5,6,56869.21519123
5,6,412302.89335969
5,6,41410.71277816
5,6,103680.29764955
5,6,467593.57141583
5,6,15937.20588506
5,6,168032.50129997
5,6,111498.89966187
5,6,106930.26635223
5,6,32449.36699528
5,6,124739.81024226
5,6,3196.95592166
5,6,72628.50166937
5,6,12781.06829342
5,6,1700.20857463
5,6,2726.27698302
5,6,19334.23311456
5,6,42894.68773609
5,6,84623.95754205
5,6,297683.20952285
5,6,112313.91512592
5,6,301380.71583121
5,6,15479.72613295
5,6,34221.59647806
5,6,98255.07712215
5,6,49695.8943898
5,6,130107.55031993
5,6,306771.66639563
5,6,284268.79651334
5,6,73884.16492037
5,6,241555.42351602
5,6,321105.91984095
5,6,303320.96304252
5,6,667043.93243108
5,6,152433.45135984
5,6,46288.31596876
5,6,33866.20960072
5,6,251591.4157022
5,6,91100.36648117
5,6,166421.29992545
5,6,409487.94334942
5,6,63797.92362409
5,6,229231.30088728
5,6,259665.67565243
5,6,116693.14896118
5,6,29766.19821396
