5,3,1633.18329619
5,3,1234.76831713
5,3,1625.26318381
5,3,1348.44527424
5,3,1011.86812673
5,3,1315.95393165
5,3,1073.30085327
5,3,1349.20283263
5,3,1616.50359479
5,3,1469.88738763
5,3,1082.86044208
5,3,1053.79985498
5,3,1462.85436104
5,3,1338.33440236
5,3,1171.28413033
5,3,879.22046869
5,3,1050.36080054
5,3,1401.00789049
5,3,1062.49469722
5,3,1846.77456448
5,3,1115.36874114
5,3,1308.82480706
5,3,1087.48187906
5,3,1829.20684526
5,3,1091.9055023
5,3,1498.2847469
5,3,1078.29525867
5,3,1068.70655634
5,3,1092.55451754
5,3,915.80036603
5,3,1049.16267866
5,3,1601.93471388
5,3,1765.70262682
5,3,1646.78375822
5,3,1344.20858322
5,3,860.02405704
5,3,1259.34132947
5,3,1223.58809139
5,3,1164.8889133
5,3,1273.76790019
5,3,1533.39613328
5,3,1898.61959733
5,3,1200.1051486
5,3,1866.08880712
5,3,978.40894559
5,3,1075.74182583
5,3,1433.51537871
5,3,1376.58697527
5,3,1499.67729378
5,3,1914.16671122
