3,16,184.21125372
3,16,95.63212533
3,16,63.22857136
3,16,121.02681852
3,16,67.32961508
3,16,78.07712127
3,16,32.98407386
3,16,42.63803146
3,16,137.9641158
3,16,87.04038156
3,16,174.03713205
3,16,202.41279884
3,16,27.39938396
3,16,60.91167675
3,16,108.81095836
3,16,9.59532221
3,16,39.53438682
3,16,229.64622897
3,16,171.08574264
3,16,243.44788952
3,16,88.80307829
3,16,121.56952589
3,16,203.91067651
3,16,184.28702479
3,16,54.33183093
3,16,101.38864872
3,16,175.23664993
3,16,56.54953542
3,16,70.12042208
3,16,0.88644275
