3,15,1484.81640144
3,15,3.85860999
3,15,2204.12964446
3,15,14.20890677
3,15,589.97340157
3,15,870.74751947
3,15,229.43763872
3,15,271.97989265
3,15,2.26353787
3,15,23.04942554
3,15,651.4724871
3,15,31.72123605
3,15,729.45855329
3,15,812.00824181
3,15,1449.0100007
3,15,229.67692432
3,15,1468.93390401
3,15,283.17738294
3,15,387.6287097
3,15,67.14329348
3,15,1090.4509584
3,15,1450.12834022
3,15,1493.36510705
3,15,1048.78813665
3,15,1145.68685424
3,15,120.96842548
3,15,731.89468806
3,15,151.51399226
3,15,1568.76774965
3,15,40.79506812
