3,16,61.90827085
3,16,120.54894418
3,16,21.41894102
3,16,150.60157037
3,16,10.68906315
3,16,43.18915511
3,16,277.53215645
3,16,20.62235834
3,16,24.07186747
3,16,103.01627358
3,16,0.4182295
3,16,17.63435617
3,16,207.26183296
3,16,33.62886394
3,16,2.91782564
3,16,129.0791948
3,16,17.7447444
3,16,27.2742705
3,16,44.92760255
3,16,121.18622775
3,16,11.23007781
3,16,196.12379308
3,16,21.06716885
3,16,47.58975367
3,16,41.95744343
3,16,76.20544215
3,16,5.15941012
3,16,78.17118141
3,16,126.88089137
3,16,55.17269421
