5,7,311.98210328
5,7,68.95337235
5,7,39.65649711
5,7,740.63496272
5,7,1109.39355189
5,7,243.65279657
5,7,1754.72036137
5,7,2140.007667
5,7,192.89337597
5,7,357.51979029
5,7,764.38200093
5,7,567.71902576
5,7,1529.68682214
5,7,365.07330231
5,7,36.65683315
5,7,445.50898874
5,7,28.12429434
5,7,795.91533595
5,7,354.40449519
5,7,467.70970195
5,7,191.10497872
5,7,576.38386845
5,7,423.63003358
5,7,44.08511754
5,7,1647.56566909
5,7,39.72825339
5,7,169.6145342
5,7,2180.86435793
5,7,115.37219526
5,7,871.68632173
5,7,716.17475603
5,7,316.73335181
5,7,581.68770143
5,7,210.19175464
5,7,583.70060827
5,7,78.9805475
5,7,543.18563236
5,7,44.75177523
5,7,45.344239
5,7,258.41062749
5,7,234.28188097
5,7,62.34839702
5,7,34.11556294
5,7,592.87045953
5,7,165.39955195
5,7,884.02496334
5,7,156.33548541
5,7,56.05058094
5,7,71.64211154
5,7,900.40902107
