5,7,24.36971285
5,7,293.39035621
5,7,1670.94922258
5,7,535.05849875
5,7,559.40390403
5,7,35.46312409
5,7,473.1853069
5,7,618.460517
5,7,997.51276267
5,7,136.66742729
5,7,55.70802752
5,7,93.63833559
5,7,123.7086574
5,7,6.35107173
5,7,556.08857123
5,7,1553.79493211
5,7,173.97418796
5,7,549.81846263
5,7,396.3493865
5,7,498.52669437
5,7,616.02593276
5,7,113.08466282
5,7,351.25409909
5,7,35.489712
5,7,1648.28665299
5,7,1017.33529651
5,7,605.59704979
5,7,1662.23707345
5,7,17.05873011
5,7,663.68755528
5,7,95.89130177
5,7,289.08866137
5,7,120.74695304
5,7,197.25680187
5,7,80.72384963
5,7,226.45288115
5,7,102.08656888
5,7,39.1070201
5,7,208.73295746
5,7,1401.62191193
5,7,488.54936632
5,7,317.82698544
5,7,902.31711095
5,7,1196.19683927
5,7,154.59102317
5,7,12.95066829
5,7,51.08308378
5,7,542.66991598
5,7,381.18962092
5,7,347.396014
