5,21,32.25053055
5,21,54.07910567
5,21,34.73725418
5,21,34.4376758
5,21,121.10021079
5,21,49.47699902
5,21,34.32068474
5,21,27.9618221
5,21,64.58656253
5,21,37.50286515
5,21,25.21455823
5,21,17.73573869
5,21,27.80793284
5,21,47.17721593
5,21,25.50372142
5,21,5.70411284
5,21,62.06717169
5,21,120.94549303
5,21,35.48332578
5,21,41.66176811
5,21,65.23565241
5,21,13.9976175
5,21,51.93660313
5,21,50.13164459
5,21,55.82859688
5,21,61.54964193
5,21,43.76735292
5,21,0.52658913
5,21,16.0032935
5,21,7.9310152
5,21,11.15081115
5,21,149.84174926
5,21,17.78100226
5,21,41.91401013
5,21,2.61469358
5,21,29.38016888
5,21,29.5250434
5,21,50.53457245
5,21,24.39378067
5,21,107.05572958
5,21,56.94728963
5,21,59.07157959
5,21,53.71066419
5,21,4.33468017
5,21,97.29084384
5,21,13.30816136
5,21,81.39215104
5,21,23.23295888
5,21,37.76553411
5,21,36.39666975
