3,4,843.09569586
3,4,292.61271665
3,4,424.36370681
3,4,255.49659641
3,4,1646.49499059
3,4,114.18919505
3,4,2519.8419958
3,4,506.7567639
3,4,236.10528807
3,4,2622.26160832
3,4,1284.94668419
3,4,1536.84953241
3,4,3734.61086787
3,4,3613.84129017
3,4,927.96511462
3,4,1433.65840926
3,4,1278.55281635
3,4,245.92831936
3,4,4629.7141554
3,4,882.30273137
3,4,686.97383097
3,4,683.84851569
3,4,68.6136544
3,4,410.29674589
3,4,354.49634256
3,4,392.46763208
3,4,358.49858693
3,4,194.29270467
3,4,2021.77797045
3,4,254.95865578
