3,3,246.78968375
3,3,139.32200817
3,3,208.24306968
3,3,336.48783323
3,3,181.0761981
3,3,62.99680894
3,3,78.82802782
3,3,40.59855596
3,3,273.95113867
3,3,126.55446323
3,3,282.94886384
3,3,299.1659757
3,3,229.42949493
3,3,247.57190351
3,3,245.70565625
3,3,239.26120561
3,3,28.39910485
3,3,141.80186891
3,3,201.10048922
3,3,124.5660103
3,3,179.11515872
3,3,382.87966202
3,3,363.89381644
3,3,106.16769898
3,3,227.61471591
3,3,145.01460473
3,3,275.27508003
3,3,228.66934332
3,3,30.32519687
3,3,201.51209013
