3,10,7306775.81747318
3,10,36534058.50044154
3,10,4788886.74645457
3,10,2988116.60722635
3,10,5118155.57367745
3,10,14673770.62662043
3,10,611497.80441651
3,10,45294923.12701049
3,10,39002816.94973239
3,10,4852787.2368792
3,10,45277146.8403727
3,10,7524649.42030994
3,10,18264676.08823755
3,10,93173.02728841
3,10,16678091.84403884
3,10,48144499.65304813
3,10,5964077.48147971
3,10,6894251.13282434
3,10,1786568.59349637
3,10,36965629.77858329
3,10,199701.65289285
3,10,10678443.70996721
3,10,5475077.21586009
3,10,8558523.6436514
3,10,37469213.6492089
3,10,14782116.15986039
3,10,13835393.72734972
3,10,14774838.98279436
3,10,8598216.89133661
3,10,10189359.23464899
