5,14,15.99736055
5,14,176.34843633
5,14,193.7964185
5,14,185.98193104
5,14,215.63983239
5,14,92.91675935
5,14,0.96631273
5,14,36.09524503
5,14,301.50842647
5,14,142.31367212
5,14,187.25839354
5,14,28.62312346
5,14,76.95243265
5,14,267.95735886
5,14,34.20632621
5,14,58.52795484
5,14,28.3126718
5,14,35.54661424
5,14,123.94866132
5,14,101.66795743
5,14,260.68873039
5,14,70.39579118
5,14,55.98478115
5,14,60.13263374
5,14,169.35703935
5,14,184.20908666
5,14,117.3509283
5,14,160.56709105
5,14,93.54851606
5,14,69.15520873
5,14,71.20581665
5,14,7.30220088
5,14,48.09998939
5,14,62.7801266
5,14,69.15482429
5,14,16.63736525
5,14,178.49445721
5,14,61.13599148
5,14,41.62262529
5,14,271.35468024
5,14,33.90609179
5,14,116.40498739
5,14,9.0329903
5,14,81.55586949
5,14,228.45185514
5,14,182.92763071
5,14,52.35542314
5,14,34.74055014
5,14,61.74704977
5,14,244.74624193
