5,6,885413.20180092
5,6,94233.30257192
5,6,655322.75137246
5,6,99389.41969868
5,6,1195448.42272651
5,6,177345.19939828
5,6,464878.62388503
5,6,415165.04980889
5,6,148187.71632911
5,6,88880.38156609
5,6,148584.61293038
5,6,722290.06530767
5,6,288632.095738
5,6,440900.56057958
5,6,42437.57833451
5,6,317697.45840492
5,6,509038.20897976
5,6,76720.99621009
5,6,906262.91738217
5,6,376937.08324198
5,6,807414.581892
5,6,45063.24655064
5,6,444251.43736004
5,6,718163.65070778
5,6,551205.29403655
5,6,176291.97600134
5,6,289574.88766451
5,6,648045.06260371
5,6,988371.86803779
5,6,16145.53647672
5,6,361234.85701411
5,6,184641.92464352
5,6,122302.97241225
5,6,94845.04293551
5,6,109331.78179577
5,6,620624.77144684
5,6,195394.00258933
5,6,107026.08721011
5,6,10144.7085965
5,6,558476.60375839
5,6,663802.71340576
5,6,128170.98797867
5,6,458127.30645522
5,6,953046.04102076
5,6,494254.2586393
5,6,886154.51578679
5,6,430547.90670449
5,6,344386.73071002
5,6,233593.40494714
5,6,2830.35272461
