5,15,442.75203294
5,15,2487.71706336
5,15,1961.13616507
5,15,1043.94005612
5,15,2118.81784342
5,15,1219.26609213
5,15,338.12950459
5,15,165.57589576
5,15,872.53769202
5,15,1038.7858667
5,15,2172.47262733
5,15,725.56476674
5,15,624.08166407
5,15,15.91405785
5,15,468.06568074
5,15,140.45124487
5,15,845.593497
5,15,2675.11791007
5,15,121.07029747
5,15,41.71926564
5,15,320.35426499
5,15,310.24952755
5,15,1318.64893221
5,15,49.96120092
5,15,229.47009416
5,15,166.86220638
5,15,2240.35640169
5,15,1941.29421877
5,15,568.4653407
5,15,2311.6773122
5,15,488.36102814
5,15,1094.27922432
5,15,1264.38781592
5,15,708.97044589
5,15,388.19003785
5,15,383.55449699
5,15,670.80386042
5,15,33.54719529
5,15,119.65850328
5,15,195.95470098
5,15,723.98817238
5,15,36.3565289
5,15,399.49245199
5,15,2387.63346298
5,15,204.42430365
5,15,950.27372934
5,15,1035.5648778
5,15,315.36805452
5,15,95.04744919
5,15,97.96774652
