3,11,35462161.41067904
3,11,1764968.07296495
3,11,2116700.41304373
3,11,42880326.23302147
3,11,34361757.45081913
3,11,20112479.25351123
3,11,3433263.77820962
3,11,40029297.01941057
3,11,678047.07920665
3,11,41335893.95712341
3,11,9842752.54952763
3,11,34802970.95215964
3,11,37688159.85020158
3,11,4661315.97399561
3,11,46554606.42478504
3,11,46179820.33156274
3,11,36540662.4366681
3,11,21593715.70265542
3,11,335541.67708017
3,11,26607286.7294815
3,11,40443178.74291978
3,11,20261336.18052195
3,11,26275431.39367595
3,11,35195817.87066856
3,11,40351015.93003366
3,11,31106392.83180189
3,11,26341789.04989824
3,11,28304736.07048904
3,11,10773179.9130814
3,11,29893623.49527705
