3,16,187.10914613
3,16,106.4783381
3,16,183.22624864
3,16,148.55142671
3,16,371.62228028
3,16,257.67054686
3,16,122.75992294
3,16,318.27123227
3,16,278.93921421
3,16,68.81618721
3,16,234.27429407
3,16,500.44386285
3,16,202.16057047
3,16,212.55547138
3,16,235.32670268
3,16,212.19975656
3,16,221.11455455
3,16,115.29909793
3,16,277.15840223
3,16,257.50414457
3,16,135.92784201
3,16,323.83028126
3,16,307.65537246
3,16,111.0829411
3,16,173.09727992
3,16,484.69378747
3,16,248.70274975
3,16,208.47308315
3,16,301.37478189
3,16,346.80755241
