5,3,339.28669271
5,3,314.01120312
5,3,267.78705725
5,3,1256.50860439
5,3,1154.39228817
5,3,625.42919674
5,3,2273.38872373
5,3,732.66302387
5,3,785.90032638
5,3,1664.20960408
5,3,770.9565228
5,3,2333.73208332
5,3,2479.1468636
5,3,6388.46492673
5,3,127.72928857
5,3,3337.68207292
5,3,2012.85948792
5,3,2036.04089404
5,3,4128.30928974
5,3,1197.01608479
5,3,778.04084811
5,3,285.76865972
5,3,2828.93797141
5,3,2010.34863817
5,3,249.7496659
5,3,570.61875858
5,3,690.96579642
5,3,3840.49054085
5,3,882.77023353
5,3,303.63914703
5,3,1530.36034702
5,3,217.3254854
5,3,8595.47043366
5,3,207.60313932
5,3,380.5269524
5,3,884.34065906
5,3,1552.00789639
5,3,2887.76169801
5,3,1101.45154382
5,3,860.83612046
5,3,415.5323391
5,3,6584.72371079
5,3,380.31808874
5,3,1097.59976762
5,3,1612.76914905
5,3,439.38624695
5,3,927.64784909
5,3,351.82497156
5,3,610.73072545
5,3,750.89198006
