5,8,121969.84545675
5,8,14186.51214513
5,8,107225.51894995
5,8,140164.54118161
5,8,95960.6600256
5,8,45885.14748482
5,8,244578.92221317
5,8,99370.56546924
5,8,27228.28957818
5,8,97177.09505212
5,8,2185.74184785
5,8,144294.56759106
5,8,59413.42108188
5,8,96404.45625581
5,8,5667.8509386
5,8,8494.67584472
5,8,4243.89809275
5,8,40745.9727191
5,8,248156.82015008
5,8,168915.68146151
5,8,141944.44570833
5,8,597.36713052
5,8,51483.63978453
5,8,87882.74968239
5,8,203192.19148248
5,8,194914.6118855
5,8,9574.66063677
5,8,21539.85549138
5,8,87971.99399616
5,8,49132.82211507
5,8,85819.58632542
5,8,32221.0194101
5,8,123300.02566339
5,8,69690.53793651
5,8,70356.47172398
5,8,9273.95145814
5,8,3593.03224794
5,8,24384.7659226
5,8,43758.57278155
5,8,138705.42489936
5,8,188737.568364
5,8,58529.48445195
5,8,2455.06117479
5,8,128374.95536682
5,8,29379.82466682
5,8,206249.80070318
5,8,60479.44340726
5,8,5812.00241494
5,8,22576.27224553
5,8,80921.91159387
