5,9,97840.99011275
5,9,36655.93350694
5,9,13354.34941952
5,9,2041.61456962
5,9,81691.08279463
5,9,7057.15031466
5,9,19378.45350319
5,9,105072.99049555
5,9,40757.02265359
5,9,8635.26258069
5,9,17074.31638635
5,9,22311.27837968
5,9,21635.54146474
5,9,22758.43065526
5,9,5163.74142027
5,9,32822.47373591
5,9,109256.75568629
5,9,69737.08200035
5,9,256497.42020275
5,9,83229.00051928
5,9,27984.60958942
5,9,42675.69468846
5,9,82428.17655121
5,9,110094.1721828
5,9,39093.2291865
5,9,57175.35549262
5,9,15061.40748145
5,9,21304.34644219
5,9,29526.68542493
5,9,40539.74217426
5,9,11776.32615109
5,9,629.36300064
5,9,48153.84015987
5,9,76395.55756202
5,9,101991.12516228
5,9,97836.47357875
5,9,29989.90124977
5,9,23287.35134776
5,9,29244.46740945
5,9,13787.05234639
5,9,60864.93700983
5,9,39642.24181439
5,9,26776.3910329
5,9,29772.85384289
5,9,6845.73753489
5,9,53024.97243521
5,9,5318.17742064
5,9,11912.67267885
5,9,56322.89842249
5,9,131179.0509025
