3,15,1452.00165754
3,15,1465.14624636
3,15,1024.55630824
3,15,2180.32714829
3,15,1766.8923236
3,15,458.91437661
3,15,1166.22244003
3,15,1128.08841619
3,15,1566.26043336
3,15,435.32872301
3,15,1004.13536747
3,15,1541.04033737
3,15,1940.76000865
3,15,158.04129479
3,15,756.91796206
3,15,1933.46051824
3,15,915.99573934
3,15,1891.31969308
3,15,445.29507347
3,15,355.21657772
3,15,1372.80910077
3,15,251.78747955
3,15,828.04367733
3,15,1364.32478784
3,15,965.81472867
3,15,438.33476944
3,15,40.32711193
3,15,543.51925764
3,15,844.76308282
3,15,374.54791916
