3,1,298.83561276
3,1,248.06661554
3,1,162.87985817
3,1,251.92922439
3,1,53.86607483
3,1,108.64623277
3,1,160.92890594
3,1,218.10718257
3,1,241.13890521
3,1,169.2435152
3,1,188.03455241
3,1,232.10418041
3,1,257.97213923
3,1,209.02366607
3,1,211.81968292
3,1,173.91556031
3,1,146.42124662
3,1,256.16548546
3,1,202.81338812
3,1,254.92590345
3,1,222.55829511
3,1,138.50169467
3,1,268.73127753
3,1,267.30014973
3,1,281.62236899
3,1,235.54212015
3,1,140.31874656
3,1,254.59673239
3,1,182.02741534
3,1,178.04030472
