3,11,9319267.94455596
3,11,16435737.41571916
3,11,5363519.94816074
3,11,28381911.4193389
3,11,12739432.47770808
3,11,1895542.40320605
3,11,7954441.99072831
3,11,24938567.26875542
3,11,3341047.18766091
3,11,23934397.03268037
3,11,14868725.62114038
3,11,15659962.67466071
3,11,17846649.64902763
3,11,413479.07079731
3,11,65433197.50417073
3,11,7632603.34533469
3,11,14355660.21365343
3,11,11785743.93939258
3,11,56960561.66937049
3,11,9299967.3980987
3,11,23066827.65756764
3,11,45472231.27018677
3,11,28017364.34731796
3,11,48471585.55311503
3,11,40718444.73885006
3,11,50552294.59605718
3,11,5595945.44885513
3,11,6645952.82140825
3,11,59953496.97828589
3,11,37642636.58832771
