5,9,24422.21132493
5,9,6023.85539663
5,9,13537.07419357
5,9,18029.35309325
5,9,127300.86144597
5,9,23639.26265066
5,9,9731.25141843
5,9,290441.65968437
5,9,7285.36545326
5,9,15368.1421533
5,9,91822.62838946
5,9,24931.49676516
5,9,40044.2958495
5,9,158230.58045922
5,9,7809.18276561
5,9,5274.93216491
5,9,23309.07742234
5,9,58783.36905095
5,9,240861.96212598
5,9,15207.51054363
5,9,55152.89729854
5,9,48249.99747828
5,9,17096.11604175
5,9,79971.11411989
5,9,638069.72889054
5,9,115298.11631368
5,9,44275.36922357
5,9,52489.22593578
5,9,159248.78027151
5,9,34234.25174903
5,9,45972.90275792
5,9,79084.25844996
5,9,199279.99386925
5,9,36064.68346338
5,9,53361.37680326
5,9,60259.02284831
5,9,85841.6605876
5,9,2619.91973689
5,9,41633.29687628
5,9,15086.97570423
5,9,81790.03307792
5,9,92077.80892433
5,9,30.38590219
5,9,76176.88722376
5,9,32357.21772311
5,9,152568.02925867
5,9,169217.21469456
5,9,76537.13115105
5,9,65127.07655204
5,9,106902.80401443
