3,7,1051.76179795
3,7,942.68441319
3,7,688.96621929
3,7,847.20465752
3,7,1100.20922576
3,7,1265.42159276
3,7,1268.5524883
3,7,914.52457792
3,7,1143.15333019
3,7,1036.77897975
3,7,925.90429642
3,7,991.2214059
3,7,1040.85387432
3,7,1185.76006428
3,7,1001.983309
3,7,960.9587409
3,7,1108.01532748
3,7,1325.10672444
3,7,837.87996861
3,7,1068.41743683
3,7,1134.66811286
3,7,959.86764109
3,7,701.46194804
3,7,981.44801039
3,7,979.10610589
3,7,380.96481904
3,7,1106.54709443
3,7,1033.3034211
3,7,1067.88320092
3,7,1204.04679345
