3,16,319.44723569
3,16,236.3445022
3,16,344.33528658
3,16,142.09898079
3,16,358.14708856
3,16,184.8188795
3,16,216.1836196
3,16,294.10173344
3,16,273.99529666
3,16,359.0854493
3,16,181.74355731
3,16,253.72968355
3,16,266.9952623
3,16,254.59882975
3,16,193.34629013
3,16,191.07281718
3,16,224.37959877
3,16,301.38943964
3,16,239.50719517
3,16,175.13501727
3,16,336.0160905
3,16,296.80473876
3,16,290.86900931
3,16,313.94571031
3,16,158.5428897
3,16,142.07473503
3,16,294.15182182
3,16,353.390888
3,16,180.16062443
3,16,196.52124832
