3,15,394.63115199
3,15,581.05486272
3,15,1676.50168536
3,15,597.52197347
3,15,213.37805347
3,15,2249.92249449
3,15,109.51107332
3,15,524.78220418
3,15,1431.56449811
3,15,47.81351303
3,15,2494.90439464
3,15,208.13483513
3,15,290.45395814
3,15,203.99690938
3,15,279.30166724
3,15,227.74628087
3,15,735.68014812
3,15,1191.73330487
3,15,28.18788037
3,15,1616.75048881
3,15,769.03012338
3,15,1481.17693846
3,15,49.14703144
3,15,336.7670959
3,15,697.39220035
3,15,1574.97444546
3,15,579.23557709
3,15,131.33283623
3,15,960.88672121
3,15,102.26398277
