3,11,58800244.46915664
3,11,5783271.31981056
3,11,55921963.54677855
3,11,39845780.09838504
3,11,1019899.97447991
3,11,1219949.23047183
3,11,202014.19678537
3,11,6726862.96465635
3,11,25325705.59179721
3,11,9272843.91414823
3,11,6158663.43255387
3,11,3976776.64889021
3,11,15973201.36967621
3,11,8536537.0863612
3,11,14238413.17666397
3,11,19288868.56905764
3,11,824341.37998341
3,11,5489820.95201776
3,11,6090358.17478681
3,11,2120750.78389935
3,11,9521846.77006484
3,11,525364.62631211
3,11,5120362.83315584
3,11,4341739.95044119
3,11,34401478.28020257
3,11,2425467.32662923
3,11,3304214.81525487
3,11,7006645.95217602
3,11,3870604.65898191
3,11,20545176.03580125
