5,23,38.74372825
5,23,23.51269064
5,23,2.66280543
5,23,2.53759394
5,23,2.27486749
5,23,14.52123909
5,23,40.75662558
5,23,1.3216776
5,23,38.01732412
5,23,19.39263583
5,23,7.07665401
5,23,13.86690871
5,23,3.05383109
5,23,4.14341943
5,23,20.67274162
5,23,29.42914684
5,23,4.8627681
5,23,15.63418945
5,23,11.75325105
5,23,20.76307713
5,23,12.99483508
5,23,13.04570631
5,23,29.59542061
5,23,2.16624023
5,23,28.32430929
5,23,40.14711966
5,23,28.05700032
5,23,27.32646797
5,23,9.41567501
5,23,6.48013417
5,23,2.44218934
5,23,13.19335909
5,23,12.50533253
5,23,1.98184121
5,23,12.72422949
5,23,51.14329763
5,23,17.76890795
5,23,6.87771877
5,23,46.99707921
5,23,19.2096366
5,23,27.29725689
5,23,22.93252469
5,23,8.69009317
5,23,31.61709041
5,23,8.80776844
5,23,4.10257944
5,23,8.96127027
5,23,3.37121741
5,23,33.3613019
5,23,52.3424877
