3,2,24163381.59476888
3,2,8050955.95577006
3,2,657332.0419001
3,2,9232244.84287143
3,2,20400881.82325223
3,2,19153824.01785786
3,2,21913467.4887113
3,2,34134888.31485237
3,2,24400679.00500562
3,2,52492124.88447501
3,2,51647926.41122942
3,2,53819567.04144587
3,2,40361965.92701852
3,2,29378088.73392647
3,2,24264059.42708141
3,2,13292050.90556159
3,2,71515.88709741
3,2,13917289.90404931
3,2,26848080.29988462
3,2,26198916.42892699
3,2,21405257.22370832
3,2,8136082.037565
3,2,14682364.33587383
3,2,52967831.95387544
3,2,7099548.80591437
3,2,630239.70726245
3,2,29578456.86369611
3,2,10648521.86780939
3,2,6213520.55020593
3,2,23455945.51079189
