3,13,333.63196905
3,13,510.54551926
3,13,576.33730168
3,13,1161.54924555
3,13,224.05980698
3,13,560.07829341
3,13,133.30363094
3,13,351.25404912
3,13,425.78261975
3,13,674.86931749
3,13,270.54023786
3,13,1178.18753464
3,13,212.66290735
3,13,1034.79054302
3,13,48.35770421
3,13,534.76545905
3,13,1341.02031458
3,13,97.990902
3,13,306.96552131
3,13,513.53196696
3,13,273.67743243
3,13,319.29799639
3,13,546.88357288
3,13,335.28527945
3,13,2270.11695993
3,13,43.29878512
3,13,80.69221956
3,13,226.82893362
3,13,887.36430337
3,13,33.29442598
