3,12, 1.58304045e+08
3,12,89077453.45432155
3,12, 1.55611537e+08
3,12, 1.39566538e+08
3,12,30417620.07902081
3,12, 1.91050949e+09
3,12, 2.58762906e+08
3,12,50490799.4617165
3,12,95975525.58732057
3,12,11219110.04631691
3,12, 2.23942088e+08
3,12,82274235.90652885
3,12,24495869.46009607
3,12, 3.68663138e+08
3,12, 1.29825594e+08
3,12, 1.16715481e+08
3,12,58565019.98191056
3,12,41079994.3159288
3,12, 1.77750171e+08
3,12,59401803.75333215
3,12,31837077.40375507
3,12, 1.56366751e+08
3,12, 1.36037033e+10
3,12,80376464.26059014
3,12,72004923.60664922
3,12, 2.53701036e+10
3,12, 3.96538583e+08
3,12, 1.24855018e+08
3,12, 6.27222694e+08
3,12, 4.21707773e+09
