3,13,1363.20946636
3,13,1471.7230314
3,13,555.83818173
3,13,398.65959441
3,13,1067.97621725
3,13,809.45268126
3,13,1175.4299388
3,13,615.11436684
3,13,1011.89924027
3,13,462.76314535
3,13,1028.21046629
3,13,645.13317404
3,13,142.41393495
3,13,1193.80963807
3,13,994.22307463
3,13,153.75929836
3,13,1004.4486305
3,13,871.95413032
3,13,612.58797788
3,13,645.07253213
3,13,1442.21438804
3,13,927.83603521
3,13,1014.71084586
3,13,94.21673703
3,13,1043.85819511
3,13,310.98005094
3,13,1357.43805263
3,13,46.04700727
3,13,803.84759479
3,13,908.7019169
