5,20,5241.76383205
5,20,44331.37705408
5,20,69429.41458649
5,20,25690.97178531
5,20,12337.47084598
5,20,24352.8798656
5,20,41730.75964841
5,20,48009.47886993
5,20,21031.15874375
5,20,7684.97319021
5,20,54720.15493667
5,20,1102.71311029
5,20,593.02236125
5,20,85858.97733823
5,20,10351.70000015
5,20,13210.25315062
5,20,1671.40501372
5,20,56799.74693813
5,20,136082.41914278
5,20,13443.05095772
5,20,47875.42012675
5,20,112276.08651895
5,20,19877.59247993
5,20,94568.97921933
5,20,60269.81107499
5,20,62125.63362288
5,20,6880.26088798
5,20,41889.68919006
5,20,18550.04745664
5,20,70877.22649593
5,20,6378.9352609
5,20,76959.01199047
5,20,8389.06387735
5,20,66535.67011292
5,20,301.22495073
5,20,68169.75626303
5,20,12626.38008347
5,20,23487.15572221
5,20,91532.34567792
5,20,70176.0836909
5,20,4506.95353172
5,20,15344.26523842
5,20,31820.332181
5,20,35138.54425504
5,20,18170.92176694
5,20,94565.34049659
5,20,76111.56993679
5,20,74361.46377882
5,20,89804.50502514
5,20,45576.66935132
