3,4,118.18134057
3,4,1347.76807702
3,4,4228.05896132
3,4,449.60101057
3,4,198.77802054
3,4,2507.592532
3,4,418.20553879
3,4,452.72249102
3,4,119.02052629
3,4,2290.06230257
3,4,2290.58395171
3,4,1920.41070158
3,4,896.08603614
3,4,76.02251463
3,4,237.26445016
3,4,213.89698264
3,4,235.46678022
3,4,166.68633902
3,4,406.44277982
3,4,287.97113292
3,4,982.24565772
3,4,328.38491454
3,4,222.32672486
3,4,2879.3993173
3,4,397.21709711
3,4,46.16183197
3,4,98.40916558
3,4,9215.39361496
3,4,47.17707006
3,4,3542.08848619
