5,3,180.94800623
5,3,323.31095537
5,3,255.73535268
5,3,76.95625142
5,3,205.48999972
5,3,126.77054709
5,3,78.28869799
5,3,236.01444944
5,3,147.65978838
5,3,214.49436195
5,3,157.14432954
5,3,141.82820186
5,3,71.26528073
5,3,6.07354094
5,3,49.74537153
5,3,199.00167355
5,3,210.38143641
5,3,67.62237929
5,3,15.19598957
5,3,88.43443726
5,3,103.46012413
5,3,94.1148661
5,3,208.01060291
5,3,209.52742963
5,3,221.71152106
5,3,282.98717423
5,3,209.82107598
5,3,83.31022399
5,3,104.91700025
5,3,240.74804213
5,3,104.17294671
5,3,26.61024506
5,3,61.83991553
5,3,121.38701542
5,3,138.88459582
5,3,62.88759442
5,3,223.89339994
5,3,298.74353939
5,3,51.78945701
5,3,281.61973918
5,3,167.15166931
5,3,163.75914499
5,3,127.01045356
5,3,186.58195646
5,3,282.34499916
5,3,138.89432863
5,3,145.72299743
5,3,140.00418811
5,3,87.82877861
5,3,133.54823775
