5,13,2488.5407311
5,13,384.92485559
5,13,618.58007583
5,13,14.37862062
5,13,379.61224675
5,13,244.76361882
5,13,253.84210268
5,13,861.2842757
5,13,764.48417988
5,13,1416.26440681
5,13,361.012462
5,13,415.20765947
5,13,1051.91617511
5,13,3.97647807
5,13,1169.36122543
5,13,1100.15582345
5,13,1084.90076494
5,13,1366.96280666
5,13,1348.97336075
5,13,1257.53273175
5,13,181.97030144
5,13,184.44757664
5,13,785.87578255
5,13,718.28098111
5,13,248.07389148
5,13,214.53928198
5,13,1375.60981694
5,13,374.83295021
5,13,634.16793756
5,13,1203.18091718
5,13,437.65909911
5,13,599.27751076
5,13,447.25940314
5,13,149.41073447
5,13,473.9243831
5,13,505.41333754
5,13,367.3803929
5,13,1189.95862859
5,13,732.42615222
5,13,484.97766015
5,13,167.94884658
5,13,606.65142457
5,13,546.05184455
5,13,914.87566158
5,13,134.18185505
5,13,573.53455969
5,13,1329.36287917
5,13,514.12118804
5,13,849.89776474
5,13,691.64985133
