5,15,85.66941397
5,15,2101.24571761
5,15,76.70658558
5,15,1119.56218815
5,15,274.5276342
5,15,431.95103848
5,15,309.88399726
5,15,2700.43330363
5,15,1350.08666226
5,15,425.49899493
5,15,93.84025019
5,15,74.51889582
5,15,171.90698496
5,15,75.29617447
5,15,5.83544798
5,15,2302.22601242
5,15,99.13144212
5,15,2070.41434735
5,15,785.70632651
5,15,585.75401867
5,15,121.83014584
5,15,72.01914936
5,15,227.20580837
5,15,382.93837487
5,15,128.47852031
5,15,2211.19804974
5,15,1418.74197451
5,15,78.38355265
5,15,73.21533105
5,15,543.19162989
5,15,2298.80809837
5,15,876.26311542
5,15,735.85997338
5,15,733.30059765
5,15,2840.40200189
5,15,1674.90086365
5,15,63.6979478
5,15,2691.92925337
5,15,507.81313326
5,15,723.5959306
5,15,772.52609833
5,15,995.00957378
5,15,187.19111592
5,15,1583.89645069
5,15,318.66152866
5,15,191.80429419
5,15,375.88328325
5,15,967.05632267
5,15,854.13067695
5,15,540.67078296
