5,23,400.1802113
5,23,413.15966237
5,23,401.2433433
5,23,392.73335394
5,23,366.51973969
5,23,377.24002858
5,23,405.8893872
5,23,358.12224435
5,23,369.3573862
5,23,376.83837508
5,23,384.88604465
5,23,377.97568183
5,23,408.03276151
5,23,389.94309781
5,23,412.83307607
5,23,384.62128123
5,23,397.41027694
5,23,399.22814271
5,23,408.87516342
5,23,381.8059136
5,23,393.10998731
5,23,395.51328021
5,23,392.22593595
5,23,389.78704738
5,23,371.19290447
5,23,385.08021999
5,23,410.74646908
5,23,393.74177111
5,23,393.98050803
5,23,387.07777966
5,23,385.72942894
5,23,369.38520226
5,23,378.54673042
5,23,421.98987649
5,23,405.29108593
5,23,391.84678864
5,23,390.07978214
5,23,398.58512819
5,23,413.83497534
5,23,442.60199368
5,23,383.2261806
5,23,405.76594631
5,23,409.27167518
5,23,370.99441197
5,23,382.49653343
5,23,398.13364498
5,23,404.07601106
5,23,378.37759378
5,23,406.13677572
5,23,399.88991471
