3,19,938.18840308
3,19,965.05729844
3,19,933.28810696
3,19,873.94760521
3,19,973.83655414
3,19,927.57809999
3,19,928.66882773
3,19,850.34750636
3,19,893.56334314
3,19,777.41376969
3,19,687.67572902
3,19,860.14743651
3,19,961.86296035
3,19,821.67273849
3,19,980.85581491
3,19,710.09395013
3,19,834.70387786
3,19,932.62445943
3,19,930.21125567
3,19,979.2860703
3,19,902.89087576
3,19,994.95398074
3,19,943.197492
3,19,902.96514837
3,19,838.93285813
3,19,768.76118339
3,19,911.62292177
3,19,970.63854153
3,19,896.85995965
3,19,981.61005054
