3,19,490.56842451
3,19,129.79108698
3,19,106.62277779
3,19,77.54859404
3,19,172.16911982
3,19,135.03887542
3,19,89.58201397
3,19,153.99080427
3,19,175.05375558
3,19,127.73788433
3,19,96.96990296
3,19,129.85517795
3,19,131.37081194
3,19,91.74105045
3,19,131.49689534
3,19,177.32461226
3,19,81.70898819
3,19,89.18550304
3,19,78.38212204
3,19,401.13094754
3,19,166.24678251
3,19,199.43647518
3,19,170.45960429
3,19,117.16076345
3,19,171.33617849
3,19,90.61261242
3,19,165.44683555
3,19,99.39598769
3,19,115.01588397
3,19,173.45804334
