5,17,196.04077149
5,17,215.06003547
5,17,211.86069483
5,17,221.57084359
5,17,263.53839234
5,17,115.9399353
5,17,63.27330897
5,17,263.20850723
5,17,234.1404035
5,17,229.46563145
5,17,240.95814921
5,17,185.19951453
5,17,246.02621069
5,17,249.52896036
5,17,219.70262373
5,17,28.83671916
5,17,216.33148752
5,17,209.14335161
5,17,248.12576343
5,17,229.5740112
5,17,167.65352493
5,17,211.54601526
5,17,193.09871513
5,17,164.35553883
5,17,210.01517543
5,17,228.23666152
5,17,220.32304976
5,17,215.12998434
5,17,236.28336511
5,17,212.99669066
5,17,207.32434547
5,17,220.85852581
5,17,239.18709743
5,17,240.7385913
5,17,152.81656486
5,17,235.81880531
5,17,212.61023119
5,17,206.03768404
5,17,232.24960969
5,17,229.30803739
5,17,191.29814446
5,17,266.42426448
5,17,245.75821257
5,17,244.78732292
5,17,38.28974238
5,17,205.68325144
5,17,239.84282551
5,17,224.39977516
5,17,256.06473043
5,17,130.59201568
