5,15,223.74749145
5,15,99.88311802
5,15,217.65881726
5,15,217.07948906
5,15,505.75294113
5,15,2303.44588951
5,15,67.49692464
5,15,705.45675436
5,15,210.89397972
5,15,529.13971504
5,15,1254.1842537
5,15,488.7028128
5,15,858.22369074
5,15,713.2106756
5,15,273.36898242
5,15,50.11029976
5,15,1031.70716899
5,15,835.6802268
5,15,155.61175984
5,15,224.27837025
5,15,113.32758799
5,15,23.34632512
5,15,1608.22540616
5,15,649.132465
5,15,2428.76027203
5,15,721.962973
5,15,358.69812195
5,15,10.77543951
5,15,668.06596138
5,15,2194.99961805
5,15,527.92186967
5,15,1095.95487688
5,15,236.45625441
5,15,1356.15566092
5,15,268.60076534
5,15,54.89393018
5,15,302.9921527
5,15,210.37029925
5,15,999.66532808
5,15,248.29046505
5,15,166.19125481
5,15,52.02514273
5,15,392.19695201
5,15,304.99999714
5,15,1007.53603129
5,15,2373.39411258
5,15,279.04775866
5,15,122.60154137
5,15,941.5875861
5,15,224.78909839
