5,20,3215.30570626
5,20,5309.15704623
5,20,27350.6779053
5,20,10949.42107164
5,20,64798.85254824
5,20,69402.26595725
5,20,535.88586084
5,20,61072.90688415
5,20,35592.37143595
5,20,140397.67273487
5,20,91228.42715202
5,20,64844.01340198
5,20,23322.3955961
5,20,32233.42366183
5,20,15461.08344758
5,20,47385.66299676
5,20,98922.40964692
5,20,20016.43830819
5,20,40694.47972094
5,20,97689.66619781
5,20,68740.84431244
5,20,117190.35630073
5,20,28901.57522863
5,20,6604.40879137
5,20,10997.18223301
5,20,729.3434515
5,20,72168.68994605
5,20,150750.70359936
5,20,37959.60713898
5,20,51125.41724785
5,20,5978.55726754
5,20,4171.36653319
5,20,8528.79897235
5,20,48033.16845688
5,20,107697.48832468
5,20,3734.81788852
5,20,83525.89401433
5,20,2677.01192615
5,20,44393.8564123
5,20,47826.55029971
5,20,102569.74610179
5,20,17325.07696389
5,20,17560.84961512
5,20,96542.19455954
5,20,3145.72781497
5,20,633.50499979
5,20,6281.40073935
5,20,31798.70710672
5,20,45031.9983929
5,20,13906.19291044
