5,16,257.8267297
5,16,110.88239501
5,16,483.22020924
5,16,10.74360235
5,16,79.60778164
5,16,248.37099446
5,16,51.24095604
5,16,196.38007084
5,16,167.87541277
5,16,277.11872363
5,16,220.50723911
5,16,156.33047099
5,16,117.65368872
5,16,409.58848521
5,16,253.40834388
5,16,90.8759211
5,16,171.99389247
5,16,159.7909653
5,16,129.8918428
5,16,230.31117415
5,16,176.05996458
5,16,57.08194397
5,16,220.24331647
5,16,71.32166647
5,16,171.36876207
5,16,286.0129204
5,16,147.53219303
5,16,238.51292746
5,16,315.54844822
5,16,221.64271992
5,16,172.11769765
5,16,159.89883592
5,16,196.9765782
5,16,105.8548346
5,16,201.38203992
5,16,329.2676535
5,16,146.67730081
5,16,198.89276484
5,16,233.59096092
5,16,369.31026403
5,16,68.23914383
5,16,429.30400577
5,16,326.59619481
5,16,413.26548107
5,16,151.30707473
5,16,215.55495772
5,16,388.34779781
5,16,20.1426294
5,16,245.5651036
5,16,131.01036231
