5,8,101667.09747861
5,8,83964.48292776
5,8,19299.64612302
5,8,261079.64336448
5,8,474257.5263514
5,8,48239.04732499
5,8,67398.62777807
5,8,128949.55981485
5,8,89158.04458137
5,8,54860.42128713
5,8,72667.54194532
5,8,64925.07357448
5,8,13656.59088849
5,8,40793.16080157
5,8,164891.53307222
5,8,145453.50069816
5,8,303549.11437413
5,8,21590.31246206
5,8,25619.54571942
5,8,31219.25783742
5,8,40649.38867362
5,8,50981.72848555
5,8,6415.01085738
5,8,46647.55773165
5,8,59250.89816544
5,8,329288.12228948
5,8,27927.74921071
5,8,42783.0923023
5,8,2584.26559592
5,8,124198.0855092
5,8,428145.83268876
5,8,186766.84498371
5,8,18653.691506
5,8,10243.88688736
5,8,316662.69842642
5,8,423530.50265122
5,8,21222.72343549
5,8,531236.62960705
5,8,228312.83144831
5,8,51825.86302364
5,8,45526.4043574
5,8,350418.77928553
5,8,25323.65424826
5,8,11869.22675414
5,8,113734.05791483
5,8,228847.95871315
5,8,148965.79567723
5,8,143036.75081662
5,8,48417.72330221
5,8,418556.94714113
