5,10,55675583.16426216
5,10,5676319.08924563
5,10,15074486.27942286
5,10,20007348.66251374
5,10,4433569.39269362
5,10,16602565.65814244
5,10,38199780.99307424
5,10,59925599.5642276
5,10,17433982.12931546
5,10,498895.01983053
5,10,3497768.07464344
5,10,7774423.51287511
5,10,4182975.63001069
5,10,11298233.86803835
5,10,67913096.28762734
5,10,10943132.26142758
5,10,13252795.62959165
5,10,6275451.09000946
5,10,11542081.53828698
5,10,11722874.63079163
5,10,12128808.97005709
5,10,20845707.97063065
5,10,4534859.51455829
5,10,27175481.36901714
5,10,6396166.92607888
5,10,2100454.9284724
5,10,35986224.98813624
5,10,7820545.15505122
5,10,2654031.93944037
5,10,16996887.41037484
5,10,18960644.6296737
5,10,12780586.31861697
5,10,3578277.24769457
5,10,8555106.95684477
5,10,56927935.3761747
5,10,8708179.3297636
5,10,19678014.4339315
5,10,11204929.91716115
5,10,6058505.46927501
5,10,24725331.20576921
5,10,12874145.3252582
5,10,21138331.09391001
5,10,282572.17637167
5,10,9584671.56608277
5,10,19541673.94059949
5,10,3082152.26158325
5,10,3698126.42743905
5,10,5706353.85181317
5,10,6536307.14162979
5,10,6749188.44604963
