3,8,68016.75865289
3,8,90757.611476
3,8,18208.9420788
3,8,6630.88000163
3,8,58165.96555048
3,8,51449.53434577
3,8,110000.24739198
3,8,7469.14036304
3,8,68454.51522504
3,8,9145.56643995
3,8,81414.43613108
3,8,3714.46471563
3,8,14610.70873722
3,8,9783.74275974
3,8,1734.52846091
3,8,28430.72049175
3,8,81691.51131199
3,8,10815.490237
3,8,4200.33532063
3,8,71465.08116728
3,8,78284.85663469
3,8,11937.53474522
3,8,2505.25082911
3,8,22718.27980708
3,8,23328.64772914
3,8,20887.05560183
3,8,30520.6235887
3,8,70321.27109775
3,8,7646.17265341
3,8,28428.10832582
