5,10,15593893.35914334
5,10,4943017.97786329
5,10,62178945.92306025
5,10,7707667.19509961
5,10,19586127.20974826
5,10,18734484.10255614
5,10,8509719.20650416
5,10,8586635.42000958
5,10,3599811.90764182
5,10,10948975.50291566
5,10,2600009.54688514
5,10,3754592.33470068
5,10,2584246.75806629
5,10,8986766.88420816
5,10,4430661.87418833
5,10,2589958.66607757
5,10,5611211.86364551
5,10,2594983.09918148
5,10,20489166.35581125
5,10,2987394.02612982
5,10,9785253.20301545
5,10,17766011.56003741
5,10,14053622.48228537
5,10,22100971.24447012
5,10,28543038.49638641
5,10,11849289.95184026
5,10,1880193.44502
5,10,4918686.10647509
5,10,6031242.79154706
5,10,34545008.54787446
5,10,5439314.98258542
5,10,7585832.23406421
5,10,13260906.75437027
5,10,22443521.53561913
5,10,7362461.77381342
5,10,6639284.08165819
5,10,23599113.59137397
5,10,279045.26285481
5,10,8329747.48846803
5,10,12765348.53457855
5,10,16130076.27212328
5,10,11125584.38607335
5,10,1309311.55910507
5,10,25740082.77552535
5,10,7896112.25986891
5,10,2465466.85774476
5,10,4824479.47458996
5,10,5080202.24418729
5,10,9889156.72964511
5,10,20885039.17470995
