3,12, 1.03470821e+08
3,12, 1.91006414e+08
3,12, 2.40367240e+09
3,12, 1.36404904e+08
3,12,91943653.5299527
3,12, 5.03059914e+09
3,12, 3.13459944e+08
3,12,73618485.0337259
3,12, 1.36389772e+08
3,12, 5.81723948e+08
3,12, 1.07840416e+09
3,12, 9.28879516e+08
3,12, 1.01345854e+08
3,12, 1.74192279e+08
3,12, 1.27849158e+08
3,12, 1.12295735e+08
3,12, 9.67293595e+08
3,12, 2.28514671e+09
3,12, 3.51704790e+08
3,12,79697654.58291684
3,12, 2.34443075e+08
3,12, 6.44339475e+08
3,12,77875796.01664928
3,12,84311910.47598095
3,12,68089460.18156177
3,12, 1.91014590e+08
3,12, 6.73327590e+08
3,12, 1.32957351e+08
3,12,90976403.98626193
3,12,22013537.30401391
