5,2,8562283.23584989
5,2,23600717.78875867
5,2,3813043.60833628
5,2,7932173.58746008
5,2,4686599.50180668
5,2,5381075.51743259
5,2,3364234.72052525
5,2,17145746.74863335
5,2,1764630.90361788
5,2,243576.93230183
5,2,1814056.47121049
5,2,12111665.20400391
5,2,9618569.66116224
5,2,1711106.61368243
5,2,6077424.46124666
5,2,16558.86088862
5,2,14843884.32836826
5,2,1544940.89560598
5,2,8439980.6850237
5,2,9194531.8645417
5,2,1922371.76285146
5,2,12989546.74421151
5,2,9837370.22734621
5,2,6877856.89506745
5,2,14863130.8023479
5,2,5091618.29749178
5,2,5220073.50241013
5,2,9830404.49638656
5,2,5045539.51615261
5,2,2468264.73767945
5,2,210976.89894321
5,2,21151557.06021033
5,2,15822869.33256237
5,2,5502189.24608476
5,2,23432108.32486394
5,2,5051566.39102899
5,2,4200725.79262165
5,2,7946271.52312426
5,2,50351.76866084
5,2,311118.29472829
5,2,2835089.4574074
5,2,6837513.86784847
5,2,1264179.45492309
5,2,3968703.4521674
5,2,1675326.68949606
5,2,17800510.81560129
5,2,3768230.43952439
5,2,1362534.63102783
5,2,24214814.63754774
5,2,6052087.86997924
