5,5,299.03836776
5,5,616.31493368
5,5,383.40569237
5,5,413.66681526
5,5,414.40728128
5,5,408.14267297
5,5,435.65677456
5,5,364.39597573
5,5,564.71697616
5,5,404.98634929
5,5,536.2727251
5,5,373.8986101
5,5,322.68383652
5,5,491.40632992
5,5,327.58402943
5,5,505.58444242
5,5,351.61620803
5,5,435.954732
5,5,407.41718622
5,5,465.60517544
5,5,382.81422686
5,5,397.05295583
5,5,384.76252296
5,5,399.29212363
5,5,446.78251073
5,5,452.84095124
5,5,433.97583161
5,5,410.81174309
5,5,379.78572167
5,5,356.02873085
5,5,379.86619464
5,5,420.86444102
5,5,471.12303621
5,5,413.95827163
5,5,329.92407894
5,5,381.82997695
5,5,542.34419383
5,5,344.41557691
5,5,430.54864503
5,5,366.94288814
5,5,410.36774882
5,5,293.52099403
5,5,417.80565198
5,5,377.92390298
5,5,417.76164186
5,5,426.27971419
5,5,370.71763683
5,5,459.00534724
5,5,515.82564624
5,5,372.61105429
