3,14,26.25208118
3,14,78.27461621
3,14,110.08513872
3,14,80.16758655
3,14,9.03926484
3,14,28.22503026
3,14,16.62629181
3,14,101.71000586
3,14,64.69180608
3,14,11.47108198
3,14,66.1437004
3,14,13.46409391
3,14,3.77503
3,14,47.18330218
3,14,25.94116721
3,14,61.81068013
3,14,43.65083571
3,14,32.83563278
3,14,60.81746706
3,14,87.36408812
3,14,161.87969596
3,14,29.84047734
3,14,22.49357708
3,14,59.76354071
3,14,20.82798316
3,14,42.34297574
3,14,31.52826515
3,14,49.8749379
3,14,44.44940108
3,14,70.51041825
