5,16,132.97289852
5,16,24.31053369
5,16,99.7122147
5,16,32.88553611
5,16,34.75229459
5,16,1.69040378
5,16,44.28019421
5,16,131.17079549
5,16,169.47270373
5,16,139.40460158
5,16,63.52986476
5,16,44.85021369
5,16,3.1309685
5,16,62.85381542
5,16,17.83380862
5,16,8.86407633
5,16,5.03534779
5,16,69.20900089
5,16,11.59777792
5,16,94.08454569
5,16,6.53952131
5,16,74.19925117
5,16,94.87406362
5,16,74.95430255
5,16,40.90004783
5,16,48.44026496
5,16,19.70418369
5,16,21.05204346
5,16,21.3250514
5,16,3.05686726
5,16,133.63366738
5,16,81.10362404
5,16,43.84108941
5,16,45.98835494
5,16,76.11457018
5,16,58.31914942
5,16,34.40838225
5,16,50.77102866
5,16,21.84662399
5,16,20.73417061
5,16,22.39526317
5,16,12.81184924
5,16,9.71114833
5,16,68.55692123
5,16,1.23269528
5,16,96.29330185
5,16,7.98063755
5,16,54.58148816
5,16,56.82425082
5,16,271.82066446
