5,21,838.63670271
5,21,823.88317693
5,21,899.43624337
5,21,944.24579253
5,21,831.38467957
5,21,954.64171967
5,21,822.03094504
5,21,906.06877943
5,21,922.86825297
5,21,795.98564239
5,21,962.30646973
5,21,802.33065393
5,21,904.4271737
5,21,864.70685419
5,21,986.33518971
5,21,866.15990378
5,21,969.29759598
5,21,937.85610431
5,21,883.385492
5,21,806.24764025
5,21,798.27147228
5,21,849.20388792
5,21,845.47159895
5,21,893.98182865
5,21,1028.28981338
5,21,862.95346734
5,21,880.42635097
5,21,811.83906532
5,21,981.1156318
5,21,904.23487755
5,21,874.62170695
5,21,840.9107275
5,21,858.52807075
5,21,860.38781145
5,21,809.89014717
5,21,844.38482535
5,21,916.49367371
5,21,873.4532949
5,21,889.93443149
5,21,825.57706064
5,21,832.88905397
5,21,942.44500807
5,21,811.73160305
5,21,872.65409442
5,21,921.43087332
5,21,814.98700972
5,21,910.62460125
5,21,921.82152263
5,21,829.41163979
5,21,939.17185419
