3,23,39.82263651
3,23,39.36220389
3,23,49.99993743
3,23,16.03769657
3,23,18.75456626
3,23,26.58465081
3,23,0.54427288
3,23,42.4475387
3,23,29.96050123
3,23,21.40206053
3,23,10.48201932
3,23,9.51273567
3,23,23.02706711
3,23,10.53311765
3,23,11.58889681
3,23,14.19091517
3,23,3.77880658
3,23,34.31531822
3,23,24.93912445
3,23,32.5856976
3,23,7.66266596
3,23,40.25261778
3,23,27.66742357
3,23,1.33379135
3,23,43.55212667
3,23,5.90753083
3,23,27.08962165
3,23,1.0921848
3,23,54.72849929
3,23,31.86909685
