5,4,1238.15492278
5,4,403.41678271
5,4,210.09694253
5,4,676.56339147
5,4,132.55831811
5,4,801.09576895
5,4,427.40350975
5,4,895.82643073
5,4,356.86219437
5,4,439.53125483
5,4,7910.50656507
5,4,295.38641866
5,4,207.61585368
5,4,4843.75859862
5,4,207.74884083
5,4,511.68042784
5,4,398.23403437
5,4,288.18836769
5,4,446.48624453
5,4,714.78851366
5,4,340.68649523
5,4,1178.69639903
5,4,148.9116384
5,4,247.86618158
5,4,339.43253698
5,4,604.0162628
5,4,151.69993317
5,4,649.17842576
5,4,1630.82820258
5,4,63.5534531
5,4,484.57408768
5,4,303.86027682
5,4,680.46047851
5,4,3818.54461222
5,4,155.98196186
5,4,574.62251504
5,4,1960.47788708
5,4,1256.49451755
5,4,251.00005423
5,4,158.26000574
5,4,2596.48465257
5,4,8219.02467257
5,4,140.6540593
5,4,4026.20541822
5,4,362.51964896
5,4,26.12543521
5,4,104.25853146
5,4,609.16305939
5,4,289.17261637
5,4,6009.30599299
