3,8,38642.63493994
3,8,7373.72682875
3,8,226515.01428308
3,8,2890.09643819
3,8,8265.4513494
3,8,64305.4249607
3,8,16155.74800785
3,8,339292.26924066
3,8,8246.00480074
3,8,88643.99314577
3,8,40766.48111597
3,8,9606.66349874
3,8,9072.91754103
3,8,5381.55585553
3,8,91038.41261074
3,8,15679.86126783
3,8,32558.35014179
3,8,6688.41867245
3,8,164437.93819784
3,8,36864.07750832
3,8,22361.53906294
3,8,144174.73762921
3,8,36611.4841104
3,8,348402.75722163
3,8,43779.90811757
3,8,43171.09019552
3,8,183117.41417302
3,8,10988.42950073
3,8,20839.929792
3,8,46733.84108561
