5,1,402.19797376
5,1,582.41439546
5,1,394.3748436
5,1,437.20961919
5,1,292.65053445
5,1,518.61860024
5,1,539.60159404
5,1,468.26684813
5,1,444.15380943
5,1,443.13468794
5,1,393.19866096
5,1,496.4089662
5,1,439.96220876
5,1,540.42903383
5,1,492.60118409
5,1,469.23746784
5,1,427.79580258
5,1,429.71048512
5,1,418.91195792
5,1,450.21482937
5,1,384.6761707
5,1,413.91278862
5,1,307.60145568
5,1,441.01509581
5,1,330.64832247
5,1,254.9864301
5,1,501.28372383
5,1,529.13257795
5,1,479.62149745
5,1,401.10365759
5,1,333.09970582
5,1,307.34037086
5,1,494.70759375
5,1,335.29153056
5,1,421.88067075
5,1,406.69213546
5,1,485.97208362
5,1,477.22436094
5,1,428.61809032
5,1,480.87417961
5,1,405.40257936
5,1,488.11222503
5,1,385.39536455
5,1,454.21369699
5,1,489.20827974
5,1,454.06689296
5,1,441.44320382
5,1,497.84772301
5,1,449.39194833
5,1,441.22325749
