5,24,180.02064539
5,24,276.68413525
5,24,208.65768989
5,24,45.60693511
5,24,125.24064984
5,24,240.10670441
5,24,244.48200602
5,24,0.41610946
5,24,48.7304476
5,24,107.71364306
5,24,25.11652121
5,24,9.82243891
5,24,178.430576
5,24,58.44375386
5,24,223.66823061
5,24,40.95332522
5,24,69.41099049
5,24,180.48792124
5,24,57.20794664
5,24,70.27944939
5,24,129.36583287
5,24,119.7409082
5,24,231.93356311
5,24,59.77599426
5,24,154.4837778
5,24,112.42358199
5,24,252.12387825
5,24,49.33788492
5,24,58.24987039
5,24,233.87536317
5,24,49.97123717
5,24,125.85444224
5,24,182.94211944
5,24,24.23921224
5,24,263.96878481
5,24,100.81285678
5,24,60.1938153
5,24,216.14755944
5,24,34.53619854
5,24,188.81952727
5,24,254.12620292
5,24,118.43187083
5,24,147.79274566
5,24,2.51541654
5,24,1.57776004
5,24,59.83612031
5,24,222.14619123
5,24,226.10223122
5,24,15.51986847
5,24,81.34413803
