5,18,164.3324369
5,18,71.61420373
5,18,332.6274982
5,18,345.45852537
5,18,216.27114575
5,18,191.81851482
5,18,233.21788697
5,18,254.51244956
5,18,224.92763906
5,18,224.6622808
5,18,211.05944466
5,18,5.71893856
5,18,111.62897589
5,18,335.32810956
5,18,247.7058425
5,18,165.6067069
5,18,165.00639286
5,18,203.42975978
5,18,292.26038959
5,18,252.80678593
5,18,234.18079735
5,18,220.79681184
5,18,157.34309618
5,18,229.66219294
5,18,198.95462599
5,18,718.38881889
5,18,166.46438903
5,18,299.28746823
5,18,258.25636418
5,18,134.13650425
5,18,696.8707901
5,18,60.87427818
5,18,283.73300663
5,18,187.32841683
5,18,248.72058557
5,18,232.94559731
5,18,50.9739994
5,18,96.6351398
5,18,113.09033994
5,18,188.3196431
5,18,290.78880404
5,18,187.57180325
5,18,229.65682832
5,18,248.41931642
5,18,157.75677261
5,18,134.70242433
5,18,195.21445396
5,18,260.23129672
5,18,252.39170792
5,18,277.63463981
