5,2,7194058.26142958
5,2,12037952.16328228
5,2,14076936.89609662
5,2,33736195.38604296
5,2,10333441.16406663
5,2,1369869.07561039
5,2,861894.47816774
5,2,31181886.21174582
5,2,770921.4295248
5,2,2585728.03860183
5,2,1202091.81415213
5,2,7866302.84716746
5,2,4457871.64267213
5,2,4968799.73714095
5,2,5491768.37715965
5,2,11783729.36267941
5,2,17846211.18821156
5,2,12634873.76152772
5,2,11568220.79180719
5,2,31871213.43750472
5,2,2523889.35853469
5,2,1046774.94650992
5,2,12908509.83140082
5,2,28229761.85847452
5,2,6967359.9410565
5,2,4936996.04500952
5,2,26395225.95066045
5,2,23656990.4630743
5,2,5307123.38820887
5,2,13844926.54170605
5,2,23628387.05444804
5,2,44456423.20030947
5,2,1751057.62293477
5,2,28028308.52510709
5,2,39706104.32995716
5,2,1335724.35794641
5,2,305457.03210061
5,2,7195292.75472785
5,2,7978979.98729356
5,2,18015508.33382241
5,2,2419529.26167782
5,2,196738.87462503
5,2,17144964.76012525
5,2,22614717.50003637
5,2,3007537.83831872
5,2,18097678.35247005
5,2,7773147.92211072
5,2,1514877.83875408
5,2,10827146.30336184
5,2,3293769.96519407
