3,19,1015.46900894
3,19,1054.29264877
3,19,1030.34341269
3,19,1098.4753622
3,19,1079.07191827
3,19,1076.87623531
3,19,1136.70194125
3,19,1016.95906861
3,19,1027.72232399
3,19,1051.06517914
3,19,1109.97871397
3,19,1040.34793292
3,19,1081.80560971
3,19,1123.50841157
3,19,1047.13998644
3,19,1135.70716312
3,19,1030.80600193
3,19,1151.38771855
3,19,1030.41728854
3,19,1100.74987167
3,19,1042.18943483
3,19,1085.76037003
3,19,1015.78776335
3,19,1004.05959555
3,19,1057.11016548
3,19,1068.9891253
3,19,1041.42688934
3,19,1212.88598829
3,19,1018.82428078
3,19,1081.03239306
