3,1,295.54463303
3,1,152.65231088
3,1,109.26849246
3,1,162.43934831
3,1,291.43863239
3,1,244.53892384
3,1,335.92172257
3,1,315.90120441
3,1,299.02460803
3,1,306.06270641
3,1,252.64391583
3,1,246.96025724
3,1,306.91636646
3,1,269.84432295
3,1,301.37774595
3,1,236.44420464
3,1,117.65036175
3,1,257.92221645
3,1,304.80631443
3,1,326.05767194
3,1,192.06336824
3,1,291.43303518
3,1,312.04884847
3,1,307.45393114
3,1,277.02210184
3,1,189.28493642
3,1,300.85354628
3,1,307.36397686
3,1,324.3001283
3,1,307.66744603
