5,19,119.06439455
5,19,130.21453758
5,19,68.01134571
5,19,70.3790874
5,19,96.41225054
5,19,15.13886044
5,19,15.75186787
5,19,130.1713095
5,19,74.53387201
5,19,84.22454115
5,19,71.54477125
5,19,115.77702104
5,19,5.17621926
5,19,66.95599747
5,19,61.15288343
5,19,84.87424255
5,19,104.43537745
5,19,93.5155262
5,19,17.26760749
5,19,87.77909809
5,19,89.78411238
5,19,103.12973075
5,19,107.87783703
5,19,24.63223464
5,19,73.36844879
5,19,36.35621718
5,19,41.97869218
5,19,19.52766213
5,19,8.82947131
5,19,14.54120233
5,19,39.48405114
5,19,98.34075702
5,19,17.70462397
5,19,114.11012256
5,19,36.57944759
5,19,116.77077667
5,19,75.57255959
5,19,94.46340659
5,19,74.772053
5,19,83.22300504
5,19,85.8490073
5,19,103.94866885
5,19,54.02286444
5,19,70.90522567
5,19,87.2402711
5,19,50.4511605
5,19,54.08395179
5,19,126.75162208
5,19,57.02668067
5,19,33.53962872
