5,5,692.39546295
5,5,612.97538394
5,5,689.15020633
5,5,690.30299508
5,5,640.62226446
5,5,679.70995598
5,5,655.73870816
5,5,699.75270643
5,5,758.6841283
5,5,700.29211375
5,5,681.86004192
5,5,651.31602336
5,5,667.20595004
5,5,511.12720133
5,5,751.48024088
5,5,784.36437972
5,5,657.50594856
5,5,688.3382588
5,5,695.17893934
5,5,696.23165569
5,5,761.27207586
5,5,698.27227891
5,5,691.56165688
5,5,716.84503732
5,5,705.41118397
5,5,729.18302268
5,5,690.55306454
5,5,694.54310159
5,5,703.49330518
5,5,720.86164805
5,5,650.66235506
5,5,749.5369595
5,5,694.74096945
5,5,735.23366415
5,5,676.09417426
5,5,692.57485639
5,5,769.24050271
5,5,687.78898109
5,5,741.43668147
5,5,702.35785683
5,5,710.89866403
5,5,726.15580164
5,5,718.80291372
5,5,697.57208787
5,5,600.63037279
5,5,757.37423972
5,5,702.14241241
5,5,621.47299018
5,5,730.63384237
5,5,778.08876955
