5,16,185.66813398
5,16,65.35386755
5,16,111.15088955
5,16,254.76272093
5,16,67.39735394
5,16,339.70240724
5,16,142.50552053
5,16,166.58069059
5,16,318.35374439
5,16,24.87072497
5,16,219.61567071
5,16,270.96791448
5,16,275.03414404
5,16,338.01438176
5,16,198.0360758
5,16,201.9046836
5,16,390.16196666
5,16,297.52612666
5,16,106.40839159
5,16,267.60982425
5,16,276.57157442
5,16,248.55842761
5,16,191.28393253
5,16,141.03251393
5,16,183.37874864
5,16,143.81267708
5,16,295.61490473
5,16,98.59123077
5,16,277.21685639
5,16,89.0725505
5,16,217.21091826
5,16,290.69169291
5,16,193.76942455
5,16,6.61135722
5,16,122.50429926
5,16,270.17919469
5,16,235.9973742
5,16,156.60469641
5,16,251.81256019
5,16,279.88420179
5,16,235.91223832
5,16,218.44827975
5,16,157.42190683
5,16,391.02588146
5,16,251.72733171
5,16,287.48443789
5,16,254.70880081
5,16,326.13414737
5,16,290.72066344
5,16,146.0664669
