3,19,39.3890267
3,19,81.44964789
3,19,17.77922284
3,19,128.48593492
3,19,212.81316528
3,19,34.03494595
3,19,102.8630736
3,19,26.63509655
3,19,41.50510536
3,19,26.90870128
3,19,108.02526515
3,19,291.38100262
3,19,105.89015339
3,19,61.53548918
3,19,119.15966437
3,19,4.39467309
3,19,113.07010918
3,19,119.23080757
3,19,221.40902033
3,19,14.45189849
3,19,17.77899548
3,19,6.71612657
3,19,83.02192878
3,19,13.38057974
3,19,59.75109244
3,19,32.45640479
3,19,5.00472973
3,19,50.32362679
3,19,149.99282188
3,19,200.20661166
