3,18,322.37010528
3,18,265.08919959
3,18,330.73947663
3,18,272.13250794
3,18,376.77042046
3,18,421.87142611
3,18,223.32451184
3,18,862.32686474
3,18,73.45682731
3,18,290.10724223
3,18,242.94379552
3,18,91.87451598
3,18,471.06893499
3,18,4.37852794
3,18,109.27645758
3,18,144.60729076
3,18,331.46125071
3,18,895.04452428
3,18,506.35222641
3,18,273.60531188
3,18,490.58480554
3,18,299.71326192
3,18,731.47844926
3,18,1217.57193743
3,18,314.79243699
3,18,235.5798869
3,18,698.74005173
3,18,548.29253866
3,18,276.61603897
3,18,636.11023387
