3,9,96116.13859654
3,9,20430.3107145
3,9,55071.29999207
3,9,93541.71850971
3,9,96123.9338618
3,9,5993.23135786
3,9,147264.0462836
3,9,6459.36307803
3,9,3177.89566691
3,9,35086.74570973
3,9,4392.17643439
3,9,1614.73062965
3,9,16332.39654463
3,9,38989.94069771
3,9,24521.39440644
3,9,1844.05946361
3,9,38710.54194225
3,9,5503.67762057
3,9,31331.49667534
3,9,33988.6919693
3,9,1621.98350425
3,9,19441.31658024
3,9,38378.08091915
3,9,8375.99276757
3,9,18739.03232095
3,9,5492.90410574
3,9,3322.30317123
3,9,25062.12929845
3,9,29175.79986252
3,9,8383.23808144
