3,6,39897.93774596
3,6,248167.32964936
3,6,71792.3919269
3,6,281637.7321679
3,6,189358.11245934
3,6,389.45117521
3,6,34835.54052806
3,6,72705.20397312
3,6,34215.93981528
3,6,184448.9516919
3,6,7195.71591343
3,6,39766.03339841
3,6,59094.14522117
3,6,37632.28580865
3,6,157234.85364974
3,6,42158.57769326
3,6,385511.91031691
3,6,30593.58251809
3,6,194463.90465052
3,6,114281.8091662
3,6,99080.92822082
3,6,21071.36291727
3,6,15196.87482242
3,6,30297.53486052
3,6,147030.66946745
3,6,22420.43349866
3,6,18828.65132597
3,6,71060.09349135
3,6,6515.12436347
3,6,3066.72782546
