5,3,7381.00697069
5,3,5904.16060515
5,3,3681.79491687
5,3,243.24940526
5,3,828.27512569
5,3,3444.97174918
5,3,342.95207922
5,3,578.36725355
5,3,187.27357532
5,3,847.35810316
5,3,305.99294455
5,3,839.88539474
5,3,3947.52451057
5,3,289.52033809
5,3,2108.78767665
5,3,7843.69156261
5,3,6775.78915088
5,3,5580.3132845
5,3,6995.67398556
5,3,3183.33609814
5,3,693.06338245
5,3,2292.58045514
5,3,4875.13053782
5,3,2005.7608794
5,3,1413.6308258
5,3,1973.74335498
5,3,6205.24751195
5,3,187.74957771
5,3,530.49553726
5,3,3668.14664919
5,3,976.08014012
5,3,1300.02684222
5,3,1046.38610695
5,3,762.31530597
5,3,326.71567796
5,3,683.50638373
5,3,7754.28412423
5,3,637.25956719
5,3,658.19418999
5,3,763.5457631
5,3,568.62890999
5,3,4554.69611885
5,3,365.21786798
5,3,289.10365125
5,3,4162.78942341
5,3,358.82376026
5,3,399.29251154
5,3,239.98279278
5,3,3427.7042264
5,3,3776.77970442
