5,3,3107.86893575
5,3,494.59063257
5,3,307.74011239
5,3,851.17393565
5,3,521.9405148
5,3,4628.43499886
5,3,5754.38858935
5,3,502.50660936
5,3,1183.89407531
5,3,946.90734045
5,3,1403.4917709
5,3,384.22708114
5,3,451.34845411
5,3,851.10513318
5,3,1105.32322411
5,3,787.63932804
5,3,317.15753893
5,3,2259.10287856
5,3,560.86094129
5,3,1204.92392688
5,3,862.77430867
5,3,544.56413729
5,3,6532.16313065
5,3,2748.06398999
5,3,442.30595973
5,3,1583.60674051
5,3,6667.6421481
5,3,763.21719989
5,3,846.15883529
5,3,2241.7534124
5,3,4816.30354708
5,3,515.02659222
5,3,528.98633178
5,3,655.0584258
5,3,1056.93041684
5,3,614.62245525
5,3,1090.89882011
5,3,478.63722299
5,3,532.21062838
5,3,418.53810738
5,3,305.56078525
5,3,558.85950339
5,3,1156.45622408
5,3,1949.13353195
5,3,1278.61313936
5,3,3314.5956894
5,3,520.23743112
5,3,3668.23371894
5,3,562.46122282
5,3,1571.99674824
