3,11,474104.76147491
3,11,746538.86060968
3,11,17530427.92134602
3,11,7522215.85584266
3,11,6921105.27692985
3,11,782334.81488172
3,11,15289002.00102809
3,11,1005266.41609348
3,11,4223769.60394446
3,11,14271460.90020508
3,11,3957739.17665352
3,11,13117776.68352732
3,11,2161709.92703298
3,11,143956.16365677
3,11,3135641.77984496
3,11,2086744.25981079
3,11,9385921.62394833
3,11,18051366.84998123
3,11,2719918.7833577
3,11,26217951.95317297
3,11,7584708.9747726
3,11,24471341.59666561
3,11,4582708.31114672
3,11,11456098.17182636
3,11,14163840.74484624
3,11,24976826.3243904
3,11,4098533.61809738
3,11,13678103.57543343
3,11,48162872.23740604
3,11,25192344.28496073
