5,20,4401.65566366
5,20,13730.20632878
5,20,23416.17616017
5,20,36348.99468637
5,20,87774.68279793
5,20,23417.97852628
5,20,10568.45199422
5,20,215202.53615628
5,20,8852.2405776
5,20,141061.66879653
5,20,171368.42440205
5,20,15587.07385645
5,20,36972.63936019
5,20,24843.69363851
5,20,17740.67374851
5,20,27502.76617972
5,20,210.48235852
5,20,108678.55923353
5,20,52822.32792234
5,20,21509.80796508
5,20,159378.76119627
5,20,124229.90284246
5,20,103925.54687648
5,20,56575.340932
5,20,10449.56585532
5,20,59952.31423092
5,20,11216.81057445
5,20,137772.35361747
5,20,3982.06946006
5,20,102158.89242767
5,20,8675.81782951
5,20,29687.19256264
5,20,47612.39746873
5,20,20344.80982725
5,20,115141.77809371
5,20,38983.13577232
5,20,272921.51488848
5,20,79357.5526998
5,20,126260.57472068
5,20,24114.08774088
5,20,35534.23465791
5,20,28400.40328259
5,20,100621.22608644
5,20,11277.34436591
5,20,6115.92869354
5,20,30606.90649437
5,20,1076.90913012
5,20,31554.31415924
5,20,26829.3880461
5,20,11820.72505375
