5,10,5839930.23327729
5,10,21002910.59513882
5,10,13981730.62252913
5,10,1962432.6946545
5,10,49544302.69483745
5,10,1868150.65379117
5,10,2856602.38590336
5,10,5699151.59345431
5,10,10847058.49107996
5,10,11527700.50783644
5,10,1968515.55543411
5,10,16126500.17691597
5,10,27669726.56519453
5,10,10405822.25595399
5,10,14322406.57248469
5,10,1043982.90001946
5,10,12646061.72772861
5,10,37554146.31849959
5,10,16939953.03093782
5,10,46866067.31459968
5,10,3754762.00634219
5,10,2666810.18584164
5,10,24633347.65971584
5,10,20475661.53248713
5,10,3241701.41369944
5,10,3624828.85677106
5,10,9439778.71178826
5,10,18151255.31109988
5,10,6462387.24856628
5,10,22816479.412253
5,10,1843072.13192504
5,10,46849203.06297719
5,10,11310253.56622697
5,10,20461955.92929533
5,10,4536252.3558219
5,10,8931533.28901786
5,10,12777835.4088769
5,10,26135642.78542331
5,10,915369.41579638
5,10,8999394.70249863
5,10,5423524.28079896
5,10,547208.3895223
5,10,2544021.77525785
5,10,46175460.77451904
5,10,85126291.24503778
5,10,1618652.70586184
5,10,535688.58172282
5,10,9921852.73708482
5,10,6860249.35255821
5,10,14979567.33554969
