3,22,654.02860005
3,22,605.04228093
3,22,2243.82328698
3,22,1419.70584782
3,22,577.71009477
3,22,679.97192471
3,22,796.51575712
3,22,266.44309352
3,22,1152.75465875
3,22,638.65317879
3,22,191.52397207
3,22,334.12730182
3,22,1067.97987208
3,22,732.98069096
3,22,212.76608824
3,22,274.55784022
3,22,535.97890336
3,22,622.89888782
3,22,813.83047939
3,22,1325.30781077
3,22,528.99917759
3,22,175.75634203
3,22,811.36060531
3,22,1511.91464842
3,22,636.20757233
3,22,959.26840782
3,22,735.30363312
3,22,562.82956642
3,22,1019.02267616
3,22,634.7234249
