3,13,473.66847547
3,13,737.57194737
3,13,925.01758188
3,13,70.72785111
3,13,181.89693043
3,13,351.07228463
3,13,207.32600998
3,13,580.07375977
3,13,311.22620832
3,13,305.50671018
3,13,724.21340899
3,13,268.90203155
3,13,448.97960002
3,13,567.4304596
3,13,570.21047008
3,13,354.09550293
3,13,977.67159794
3,13,91.73783024
3,13,36.45756588
3,13,177.96581903
3,13,645.81673356
3,13,418.225435
3,13,140.58896157
3,13,56.18245096
3,13,690.59083939
3,13,607.51407952
3,13,287.50669857
3,13,167.87250334
3,13,250.10046159
3,13,1205.20293813
