5,14,84.76412637
5,14,80.31014659
5,14,83.55589908
5,14,13.29682742
5,14,181.27532327
5,14,96.96031299
5,14,105.41875876
5,14,69.47955513
5,14,21.20125765
5,14,137.61520568
5,14,88.81774171
5,14,286.5085495
5,14,70.66727536
5,14,114.8964162
5,14,308.29679169
5,14,41.01868959
5,14,138.5661002
5,14,160.66724489
5,14,83.29226392
5,14,144.5024805
5,14,79.84248032
5,14,85.65455537
5,14,177.06122045
5,14,13.39988557
5,14,45.85271119
5,14,85.64560568
5,14,111.207989
5,14,147.08614644
5,14,94.10625192
5,14,104.2116617
5,14,58.92807297
5,14,89.66168365
5,14,43.46473727
5,14,54.24806337
5,14,76.9246305
5,14,172.4480961
5,14,73.15485207
5,14,48.64457866
5,14,13.3931844
5,14,76.6398185
5,14,83.91134053
5,14,130.11483539
5,14,80.89162418
5,14,26.6290685
5,14,67.58968283
5,14,55.63771486
5,14,122.26209376
5,14,146.00519626
5,14,81.32404085
5,14,153.08879171
