5,24,90.46393324
5,24,281.61956086
5,24,1.92880977
5,24,58.56559504
5,24,345.21236044
5,24,259.98151511
5,24,17.4617557
5,24,136.36967875
5,24,311.11044917
5,24,155.68161984
5,24,363.57287355
5,24,31.6241562
5,24,181.50201211
5,24,136.4596342
5,24,131.7907846
5,24,35.08706073
5,24,225.76491022
5,24,261.82308777
5,24,254.73524573
5,24,519.84545772
5,24,282.82759026
5,24,202.3874652
5,24,37.31852703
5,24,3.03178715
5,24,178.89257527
5,24,24.54657098
5,24,140.81418286
5,24,104.14158555
5,24,103.35686279
5,24,102.21924531
5,24,203.96747418
5,24,3.75769756
5,24,54.20356667
5,24,12.2586523
5,24,213.90261435
5,24,206.87246523
5,24,269.84086029
5,24,129.96405094
5,24,248.27489497
5,24,47.30973527
5,24,38.0511534
5,24,118.2992808
5,24,52.30191268
5,24,268.0566346
5,24,119.10378856
5,24,34.37455583
5,24,73.24125222
5,24,190.05582449
5,24,106.52357716
5,24,16.05860627
