5,17,97.96918391
5,17,144.84774396
5,17,115.32481687
5,17,20.40621895
5,17,149.7416633
5,17,133.35386627
5,17,84.39614803
5,17,90.16691883
5,17,20.31323696
5,17,7.47778818
5,17,114.20373752
5,17,135.41297441
5,17,35.83812824
5,17,77.63054855
5,17,119.84793002
5,17,40.9732722
5,17,154.59060938
5,17,115.95237109
5,17,136.79415864
5,17,189.84523971
5,17,21.89522921
5,17,127.45563203
5,17,132.73787095
5,17,117.42609184
5,17,75.9760868
5,17,84.53270602
5,17,109.65539826
5,17,46.96231667
5,17,103.67040683
5,17,158.67624598
5,17,112.44256719
5,17,110.58483844
5,17,139.77442439
5,17,95.15141278
5,17,177.77834585
5,17,148.24475631
5,17,77.14267674
5,17,68.78587847
5,17,193.22931659
5,17,29.8802492
5,17,42.04861957
5,17,104.75912934
5,17,172.77967685
5,17,55.83931044
5,17,119.6664941
5,17,132.31203981
5,17,90.1187916
5,17,125.00613385
5,17,147.99868809
5,17,21.39884148
