5,3,725.23459886
5,3,268.88267091
5,3,403.9797301
5,3,504.36672412
5,3,344.80936461
5,3,2457.01882769
5,3,308.6188195
5,3,585.88874469
5,3,387.32576867
5,3,3170.44194768
5,3,639.07916067
5,3,458.61340894
5,3,413.29818975
5,3,2665.48649436
5,3,1550.44932995
5,3,894.97284951
5,3,1668.04579494
5,3,731.3164716
5,3,664.44443937
5,3,421.94840132
5,3,352.79824276
5,3,2054.34097444
5,3,2737.00351169
5,3,351.23882578
5,3,398.86379259
5,3,823.99846722
5,3,388.16205448
5,3,1327.07356525
5,3,294.640791
5,3,1550.42058213
5,3,329.42872839
5,3,478.14313052
5,3,1071.03545085
5,3,672.81478713
5,3,693.54266396
5,3,733.68295112
5,3,1103.64843577
5,3,1360.09981046
5,3,3366.27134462
5,3,559.1449886
5,3,270.81692843
5,3,723.12787935
5,3,446.14862086
5,3,807.91899553
5,3,1434.37059434
5,3,1167.7512749
5,3,320.41803639
5,3,337.45921084
5,3,659.28071637
5,3,333.632193
