5,23,34.25014651
5,23,13.06510585
5,23,2.01071789
5,23,23.86231627
5,23,8.93552328
5,23,19.15197643
5,23,28.43316897
5,23,41.31781853
5,23,30.42661293
5,23,0.02534096
5,23,46.16739124
5,23,11.95307098
5,23,22.51454892
5,23,23.80071361
5,23,17.7936788
5,23,4.94726196
5,23,15.46317365
5,23,2.46804818
5,23,18.94501922
5,23,30.12041929
5,23,6.39522308
5,23,6.43960626
5,23,4.72024801
5,23,2.41248536
5,23,11.96089454
5,23,7.79622929
5,23,27.55120529
5,23,17.37518158
5,23,39.37941738
5,23,39.05778382
5,23,35.95663276
5,23,23.67015131
5,23,22.23007645
5,23,13.72178952
5,23,19.39507688
5,23,9.71093153
5,23,23.54751955
5,23,54.87206872
5,23,13.79313132
5,23,5.65302654
5,23,41.24741923
5,23,13.50209797
5,23,57.75196274
5,23,4.08869116
5,23,5.77362063
5,23,29.31840224
5,23,23.97054582
5,23,4.47474115
5,23,34.52179175
5,23,41.07763794
