5,2,4024622.35623916
5,2,23005230.05862679
5,2,8681849.6367288
5,2,3586070.60705332
5,2,12616234.7164319
5,2,28565080.40384546
5,2,14252917.45390209
5,2,13884365.54289311
5,2,19878080.26704412
5,2,21757648.98865025
5,2,10594442.45891927
5,2,20299707.83980015
5,2,17905183.71606385
5,2,1239016.55883131
5,2,4819986.54916745
5,2,13230916.03024319
5,2,970557.85366345
5,2,1080839.74993589
5,2,3043281.0981936
5,2,4949459.38567752
5,2,6970324.150346
5,2,3923486.87495369
5,2,4463046.91834021
5,2,26636392.48661175
5,2,42738700.6670735
5,2,33037911.04947494
5,2,5578627.05082161
5,2,4950380.68656553
5,2,7816325.69084042
5,2,6702010.85080052
5,2,10504283.55430306
5,2,1345945.96816842
5,2,2270559.30145215
5,2,88098.33749575
5,2,4583737.09721957
5,2,34960866.70136062
5,2,26208669.02413344
5,2,9012853.29982966
5,2,2032651.43936627
5,2,8264565.01051946
5,2,2403850.18885343
5,2,23232366.95700332
5,2,6387144.74140717
5,2,18177859.91328948
5,2,2630041.90770947
5,2,264811.0191381
5,2,5872678.90589157
5,2,21517353.70674197
5,2,1250592.79359565
5,2,10141572.03819969
