5,18,282.21685635
5,18,54.15861993
5,18,39.01340327
5,18,176.3643245
5,18,221.14305185
5,18,8.20038987
5,18,10.98238757
5,18,406.22995955
5,18,112.38653878
5,18,216.27735944
5,18,23.23354753
5,18,97.57358152
5,18,203.39594013
5,18,187.70036942
5,18,23.00112032
5,18,143.43019597
5,18,148.29510442
5,18,68.69913421
5,18,241.05446452
5,18,14.91223044
5,18,304.55950622
5,18,144.54302811
5,18,92.57539383
5,18,260.97189587
5,18,34.04490848
5,18,2.09376516
5,18,110.56187476
5,18,141.52111137
5,18,272.02555281
5,18,47.592012
5,18,71.03149954
5,18,282.48804317
5,18,86.8290104
5,18,141.30487467
5,18,152.09488159
5,18,82.29340677
5,18,249.48289918
5,18,18.14399268
5,18,6.28078352
5,18,109.57451328
5,18,129.98536701
5,18,242.24925692
5,18,155.75406176
5,18,120.12076497
5,18,31.62144119
5,18,122.07348516
5,18,87.95732116
5,18,146.30099337
5,18,30.42312983
5,18,30.87239812
