3,5,963.57609651
3,5,948.34739985
3,5,953.37007549
3,5,966.60105968
3,5,946.48896993
3,5,923.02708977
3,5,934.81448815
3,5,912.67669839
3,5,942.61816443
3,5,1016.55784572
3,5,944.44525882
3,5,968.32183144
3,5,965.71347492
3,5,984.70013559
3,5,908.59495273
3,5,988.09673748
3,5,994.56785665
3,5,933.4170787
3,5,990.19643682
3,5,926.33937494
3,5,939.12037789
3,5,952.50489297
3,5,969.75992855
3,5,1000.62324561
3,5,1019.17531268
3,5,1043.78055221
3,5,972.48154174
3,5,944.1997943
3,5,1005.28260203
3,5,934.31245552
