5,5,41.5454218
5,5,60.49236275
5,5,28.4998502
5,5,84.30038319
5,5,21.08536829
5,5,59.48505357
5,5,46.88911588
5,5,11.36413165
5,5,50.27829414
5,5,28.58096117
5,5,21.62921092
5,5,7.1501512
5,5,3.01811503
5,5,84.33060644
5,5,73.04432396
5,5,37.70741852
5,5,72.04565679
5,5,11.36087427
5,5,45.51270648
5,5,42.15990512
5,5,3.18926378
5,5,159.67987181
5,5,69.61858769
5,5,100.93084974
5,5,26.18187395
5,5,13.90175978
5,5,85.46180459
5,5,18.74041745
5,5,77.22247506
5,5,15.22769607
5,5,57.61746452
5,5,13.53442729
5,5,65.02904036
5,5,36.40295035
5,5,16.11951201
5,5,21.42171043
5,5,15.48018872
5,5,123.80850316
5,5,6.80175577
5,5,33.03788165
5,5,52.15592734
5,5,42.52124171
5,5,1.83559053
5,5,51.20920766
5,5,42.05077233
5,5,8.00672676
5,5,15.19739867
5,5,41.04988453
5,5,63.68386046
5,5,58.08582649
