3,19,214.89885922
3,19,169.53016257
3,19,182.75440654
3,19,148.104921
3,19,193.43378067
3,19,228.8703513
3,19,166.25100434
3,19,164.38174558
3,19,146.57169455
3,19,166.43905255
3,19,189.64794161
3,19,287.98458908
3,19,179.9981561
3,19,171.98977061
3,19,155.42305821
3,19,322.91853741
3,19,241.64232594
3,19,174.28559206
3,19,141.58623748
3,19,183.76326893
3,19,366.55976687
3,19,193.09227347
3,19,161.08019044
3,19,223.06047421
3,19,214.32015877
3,19,144.35022059
3,19,178.17546451
3,19,122.4901975
3,19,313.1463019
3,19,172.912266
