5,15,685.28240304
5,15,1408.42561409
5,15,545.08025932
5,15,415.2087067
5,15,873.45686015
5,15,39.40372411
5,15,1017.80707988
5,15,657.33463627
5,15,211.15266177
5,15,788.73309629
5,15,473.15533212
5,15,1903.94191077
5,15,1522.89259964
5,15,37.58005424
5,15,233.45789896
5,15,1075.07176226
5,15,465.17685947
5,15,288.17413749
5,15,652.63742072
5,15,1343.1614088
5,15,1352.9230465
5,15,42.07774276
5,15,50.45269428
5,15,682.03496597
5,15,656.63596025
5,15,902.0334521
5,15,257.02835484
5,15,123.80313929
5,15,142.99023842
5,15,716.71526178
5,15,2392.29022128
5,15,722.8528494
5,15,481.49354279
5,15,48.93964456
5,15,403.6053278
5,15,1655.30950157
5,15,296.42898078
5,15,189.23689704
5,15,1268.77362868
5,15,207.14155693
5,15,360.43375943
5,15,2240.8602763
5,15,812.16322304
5,15,161.34937461
5,15,145.3648782
5,15,2724.59160348
5,15,689.34849534
5,15,1034.7965371
5,15,382.12271905
5,15,670.27989421
