5,4,249.76647636
5,4,674.66500943
5,4,598.14265666
5,4,199.47892325
5,4,361.39109961
5,4,404.33358183
5,4,439.87697448
5,4,118.53018081
5,4,62.65871409
5,4,1211.96217804
5,4,140.88259287
5,4,415.07085631
5,4,327.94975122
5,4,903.67058662
5,4,54.24482405
5,4,914.46296521
5,4,1422.21067639
5,4,379.99633215
5,4,246.05004684
5,4,523.31690761
5,4,801.57443389
5,4,998.62977612
5,4,1477.0159178
5,4,62.20697299
5,4,641.76298005
5,4,2545.08557303
5,4,137.13143771
5,4,315.90704601
5,4,352.11688329
5,4,190.24606225
5,4,873.5884123
5,4,1269.00084686
5,4,390.70577086
5,4,206.10396484
5,4,855.53915928
5,4,267.71782424
5,4,257.64083683
5,4,330.53203644
5,4,2594.93206263
5,4,287.82756012
5,4,347.31314792
5,4,67.59429087
5,4,929.07875106
5,4,203.00988486
5,4,369.7544218
5,4,607.93775271
5,4,355.67959541
5,4,132.87687501
5,4,598.35274254
5,4,533.32024145
