5,15,765.35113303
5,15,416.88989065
5,15,1356.53253473
5,15,1365.50471599
5,15,1121.59199211
5,15,965.13731472
5,15,468.66998583
5,15,179.09792481
5,15,177.50514175
5,15,942.07056942
5,15,210.35528105
5,15,2163.04463979
5,15,471.35694445
5,15,705.7380539
5,15,1219.95553924
5,15,321.17496377
5,15,63.72849091
5,15,580.91383285
5,15,647.6442487
5,15,1193.64730956
5,15,487.8654687
5,15,367.79669165
5,15,1599.97101031
5,15,1052.24669441
5,15,130.91484104
5,15,246.13831441
5,15,2010.99586659
5,15,217.420079
5,15,1791.07073
5,15,676.16812788
5,15,237.76229627
5,15,656.94286475
5,15,738.08828915
5,15,929.03982066
5,15,452.61299028
5,15,704.07040788
5,15,841.86782724
5,15,1791.02479954
5,15,1453.49766968
5,15,96.74886025
5,15,683.69211803
5,15,190.05375698
5,15,1288.49836303
5,15,559.66832122
5,15,397.2414891
5,15,588.83366366
5,15,1910.20237401
5,15,194.30343989
5,15,212.56767358
5,15,482.58044828
