5,24,92.86154043
5,24,141.97426196
5,24,261.4458063
5,24,291.50534387
5,24,156.95295731
5,24,154.62091754
5,24,126.85185356
5,24,11.84706574
5,24,76.40459323
5,24,113.620027
5,24,92.3488572
5,24,24.21047623
5,24,38.16800021
5,24,84.23156928
5,24,81.86524027
5,24,75.93848913
5,24,117.72554339
5,24,37.97979481
5,24,82.3345029
5,24,12.83606778
5,24,238.24811527
5,24,32.96993524
5,24,113.78046021
5,24,13.11687946
5,24,165.57800579
5,24,18.76106324
5,24,115.85446271
5,24,13.77110052
5,24,147.10342951
5,24,30.18041765
5,24,148.73939751
5,24,58.00109744
5,24,128.5440367
5,24,143.34661327
5,24,123.12620685
5,24,77.00981301
5,24,37.15117842
5,24,109.03908541
5,24,140.74599521
5,24,55.30727796
5,24,154.55619887
5,24,69.36987155
5,24,129.75456168
5,24,56.37151362
5,24,14.55619028
5,24,146.29683625
5,24,45.13061715
5,24,34.35260115
5,24,40.3932607
5,24,85.72808797
