5,4,188.32736959
5,4,327.21869961
5,4,3264.54935585
5,4,9840.12338387
5,4,505.20587037
5,4,372.12855162
5,4,339.27601475
5,4,478.99887009
5,4,435.60197759
5,4,407.95414215
5,4,308.30375041
5,4,2602.78512956
5,4,2379.64710801
5,4,3057.64951496
5,4,5579.95870369
5,4,1753.07071842
5,4,141.89305124
5,4,1302.33470002
5,4,484.77827889
5,4,176.38884941
5,4,9774.91341981
5,4,280.41676798
5,4,738.3614288
5,4,3561.36105301
5,4,3603.16274084
5,4,264.21813783
5,4,375.78477736
5,4,968.04000061
5,4,35.19489776
5,4,55.10498483
5,4,8551.11866457
5,4,1808.75301977
5,4,4334.19522164
5,4,145.73118587
5,4,335.09772039
5,4,7859.02229441
5,4,33.48131044
5,4,342.57660886
5,4,182.79156743
5,4,3820.88166515
5,4,133.93556363
5,4,257.25370564
5,4,950.04959186
5,4,141.93043994
5,4,4521.92550189
5,4,395.31252241
5,4,5104.9915347
5,4,233.04612221
5,4,430.28351334
5,4,95.29892052
