5,20,3177.02959753
5,20,39741.41866329
5,20,107557.71007636
5,20,25621.99553361
5,20,16104.38674917
5,20,18764.63256377
5,20,22322.14074663
5,20,4747.34435279
5,20,3226.52207096
5,20,12076.75071678
5,20,8425.31822153
5,20,20161.78353706
5,20,81247.00940571
5,20,8028.50826705
5,20,25562.89518906
5,20,21590.18043077
5,20,4849.33015874
5,20,61089.25417995
5,20,84669.32423379
5,20,108056.31255676
5,20,5416.5312204
5,20,1789.61973583
5,20,104535.62381514
5,20,32951.94694249
5,20,21316.82733183
5,20,38195.12495327
5,20,90177.33842396
5,20,12964.5400723
5,20,58249.43158104
5,20,936.60365332
5,20,36586.56222441
5,20,43642.47638919
5,20,62768.17443926
5,20,69175.42713237
5,20,18147.75302205
5,20,37987.29009643
5,20,49849.4701515
5,20,13065.36656288
5,20,81386.23482745
5,20,79943.13647508
5,20,50272.10967669
5,20,69179.69613318
5,20,42279.32275847
5,20,8928.38584692
5,20,26492.5161284
5,20,117262.60139671
5,20,22617.37743567
5,20,4390.47066062
5,20,32816.92835861
5,20,28201.29363991
