5,2,16737331.22326556
5,2,16983740.80311114
5,2,9518422.83542151
5,2,3083776.84847491
5,2,580109.64855397
5,2,1521537.63936897
5,2,10697589.05643934
5,2,11318262.04282996
5,2,24357073.22274248
5,2,147626.18669818
5,2,8666922.92453177
5,2,10246958.12909572
5,2,4495594.87002006
5,2,3815603.04502845
5,2,382152.03222889
5,2,8189093.25790485
5,2,7179988.56851475
5,2,15721241.08103748
5,2,19097314.46026612
5,2,1276482.35389515
5,2,6469299.54801399
5,2,1514767.32170503
5,2,2451260.49251454
5,2,1994597.6908626
5,2,5288065.03568669
5,2,1121491.75728826
5,2,5160789.06181234
5,2,24108802.42567821
5,2,2248886.54500248
5,2,5521157.04426478
5,2,3344570.21119226
5,2,1422802.22775551
5,2,3896368.89096307
5,2,18629926.27934692
5,2,14413549.47129227
5,2,20724034.60495792
5,2,18750080.39308552
5,2,10871076.62315809
5,2,3370135.26107625
5,2,15466519.71216033
5,2,3870218.25600234
5,2,4002604.50624126
5,2,6790544.71602057
5,2,8491694.6285884
5,2,3055928.15306577
5,2,13496917.09836466
5,2,3537851.42792131
5,2,3366091.14693754
5,2,7502876.35291754
5,2,251875.09846692
