3,2,1479404.42325291
3,2,2410540.81597699
3,2,1779767.34569204
3,2,14004682.67124869
3,2,185443.80501129
3,2,35685914.34197233
3,2,1092198.60188527
3,2,169489.47837173
3,2,9334160.94866191
3,2,6061288.46636388
3,2,35768466.8175756
3,2,7374610.30167023
3,2,6849878.63460527
3,2,48108163.15480086
3,2,4431800.98402682
3,2,16218359.39558309
3,2,5601477.89026029
3,2,5576142.01544858
3,2,528831.48737431
3,2,3341043.564293
3,2,14253684.91307761
3,2,2945199.78740893
3,2,6936097.64987501
3,2,39612221.55874294
3,2,17505034.48195275
3,2,1132735.44083034
3,2,31586883.99248722
3,2,47517018.87607154
3,2,966715.32418704
3,2,22591543.87609732
