3,11,5563836.9243079
3,11,10174290.81241397
3,11,32348556.45932758
3,11,30533850.12569541
3,11,32266861.49585111
3,11,64822710.67475789
3,11,48600304.93342776
3,11,63556471.51002627
3,11,850388.98608576
3,11,33258020.83404002
3,11,5242667.40860578
3,11,31573675.14719601
3,11,53570489.54486576
3,11,66989903.88349125
3,11,6193330.33533919
3,11,4251221.19930721
3,11,5831144.60447885
3,11,49638224.82048636
3,11,25660942.70351102
3,11,18107855.6071474
3,11,6712364.85276887
3,11,38166858.20840431
3,11,15103049.42762693
3,11,8481255.85104204
3,11,43032232.0709116
3,11,433469.58773677
3,11,57708701.64726959
3,11,1491905.09070447
3,11,13092250.37714018
3,11,6790562.61729386
