5,17,48.92751982
5,17,21.67788436
5,17,28.53251634
5,17,1.96689665
5,17,15.29478526
5,17,45.24047337
5,17,41.94161156
5,17,79.01342872
5,17,9.5325331
5,17,40.93230346
5,17,5.64685078
5,17,43.72257746
5,17,2.20418481
5,17,69.33242505
5,17,43.2099943
5,17,89.52892905
5,17,101.2180201
5,17,19.87297666
5,17,28.17235276
5,17,327.33017386
5,17,31.01182874
5,17,20.52221594
5,17,63.81800129
5,17,24.14176656
5,17,4.35528729
5,17,53.09032949
5,17,8.97137987
5,17,20.868606
5,17,3.94342256
5,17,56.69662661
5,17,12.42674408
5,17,76.46891527
5,17,16.13817796
5,17,16.55085486
5,17,72.27725427
5,17,0.57869533
5,17,43.38933072
5,17,57.90029857
5,17,8.76543733
5,17,23.92720757
5,17,28.00097287
5,17,17.0393744
5,17,61.51021939
5,17,10.81061762
5,17,6.48562616
5,17,2.35421915
5,17,19.34757663
5,17,5.81140824
5,17,41.74727017
5,17,10.18538207
