5,24,76.78489791
5,24,290.75915863
5,24,275.37763485
5,24,167.57554774
5,24,6.79422621
5,24,62.82308572
5,24,187.46902145
5,24,142.33157446
5,24,240.19301726
5,24,18.37130377
5,24,199.19989439
5,24,345.37563988
5,24,124.29654189
5,24,411.17138147
5,24,313.18805842
5,24,319.14051798
5,24,135.25572055
5,24,315.92423225
5,24,67.51586027
5,24,239.63211596
5,24,394.35414813
5,24,218.27769624
5,24,333.01652248
5,24,181.28147866
5,24,119.42328854
5,24,362.7375642
5,24,254.5779055
5,24,387.53580284
5,24,133.95029238
5,24,49.10175229
5,24,189.95145803
5,24,339.84600769
5,24,264.76451091
5,24,362.01565769
5,24,298.98504513
5,24,263.28398231
5,24,109.44966077
5,24,264.95505483
5,24,24.95886602
5,24,270.1169428
5,24,145.29449946
5,24,141.68393451
5,24,263.5527121
5,24,151.79942009
5,24,69.13448848
5,24,326.01156324
5,24,301.83476702
5,24,403.14192734
5,24,183.43263321
5,24,138.50733285
