3,8,9745.18210089
3,8,45653.85830274
3,8,51076.75531075
3,8,235678.20378221
3,8,39297.7248896
3,8,13236.04494673
3,8,311759.58310565
3,8,6433.01946226
3,8,167596.93544661
3,8,76827.58531048
3,8,9730.12187193
3,8,43468.8675443
3,8,184466.3628597
3,8,44575.14270129
3,8,8299.56746965
3,8,566720.43937726
3,8,149667.22466587
3,8,11200.97312035
3,8,182028.64711819
3,8,42713.56103512
3,8,16473.69376348
3,8,225.66465307
3,8,365497.84605303
3,8,8809.73024685
3,8,87910.65454946
3,8,8283.82080227
3,8,44466.34184602
3,8,169912.09259131
3,8,7248.77567379
3,8,90849.85245715
