3,20,22856.08086637
3,20,130830.70970782
3,20,1920.47413874
3,20,85649.1978609
3,20,98258.97424245
3,20,5262.10937354
3,20,1369.74629056
3,20,23203.28226112
3,20,141850.51868194
3,20,90470.80043441
3,20,177024.8197175
3,20,105960.09963232
3,20,160913.13712451
3,20,11366.69207457
3,20,2179.65034496
3,20,80814.340712
3,20,12853.66543963
3,20,5588.27051682
3,20,8670.93267739
3,20,39305.11512539
3,20,10946.724459
3,20,49203.20659683
3,20,14616.25078811
3,20,23800.87625666
3,20,43298.03648309
3,20,40938.73664416
3,20,18590.8107052
3,20,1821.4746078
3,20,3910.56468092
3,20,10496.06144091
