5,22,895.86335865
5,22,870.17835756
5,22,1105.97264884
5,22,853.38757615
5,22,571.5898894
5,22,755.64835884
5,22,149.54506419
5,22,1610.00929139
5,22,19.60713356
5,22,1025.38000037
5,22,966.84876917
5,22,760.79846417
5,22,311.05407818
5,22,364.32270588
5,22,615.46615666
5,22,265.5672221
5,22,797.47156951
5,22,264.55584788
5,22,539.26367299
5,22,338.72383895
5,22,761.33125437
5,22,1629.27140058
5,22,249.25446966
5,22,85.63677268
5,22,948.30924092
5,22,975.48482898
5,22,153.33557956
5,22,355.16659428
5,22,1037.75444279
5,22,365.38544746
5,22,1044.23359634
5,22,375.35402923
5,22,1120.9192961
5,22,534.84729072
5,22,2349.98118678
5,22,862.1127964
5,22,47.5481336
5,22,1139.94457641
5,22,1100.2131196
5,22,1711.27421551
5,22,671.44949228
5,22,1147.50578725
5,22,637.33611386
5,22,241.67182302
5,22,65.87183296
5,22,519.95112371
5,22,176.12953834
5,22,518.23248007
5,22,572.70100262
5,22,1312.91318516
