3,4,214.92182798
3,4,1176.4515191
3,4,601.17448786
3,4,1203.24720156
3,4,1877.12496408
3,4,627.16786786
3,4,425.34276963
3,4,267.407501
3,4,218.23438044
3,4,687.41967677
3,4,164.05314836
3,4,110.82657305
3,4,130.89110932
3,4,746.24418986
3,4,660.13723725
3,4,3262.5677766
3,4,60.77070213
3,4,178.76251583
3,4,183.47119573
3,4,1054.21031935
3,4,1654.87726552
3,4,1788.17184128
3,4,821.68328213
3,4,272.2399716
3,4,112.22959976
3,4,455.41919851
3,4,625.58193442
3,4,283.4854924
3,4,4118.797788
3,4,265.5577592
