3,17,67.79725106
3,17,92.71785782
3,17,119.32365975
3,17,155.00483701
3,17,126.47099805
3,17,144.74701772
3,17,124.97471384
3,17,148.38887442
3,17,129.42436277
3,17,120.87500417
3,17,39.36173693
3,17,93.50640047
3,17,127.88099028
3,17,164.13319709
3,17,99.02900675
3,17,97.73058139
3,17,142.71244599
3,17,194.33643489
3,17,132.37728069
3,17,137.7170628
3,17,138.27447328
3,17,70.04811023
3,17,128.79550106
3,17,116.51181407
3,17,180.73808231
3,17,142.79157445
3,17,177.43183912
3,17,143.72095884
3,17,103.89057832
3,17,123.37099241
