5,19,226.79453933
5,19,166.3272527
5,19,158.02834844
5,19,233.37671797
5,19,310.25220285
5,19,171.98009335
5,19,131.59509415
5,19,111.86648232
5,19,139.33375383
5,19,136.70409603
5,19,139.09562922
5,19,140.05324049
5,19,123.00672896
5,19,119.58936376
5,19,133.49247974
5,19,118.15769341
5,19,166.34345659
5,19,187.74382043
5,19,123.11955746
5,19,190.3911836
5,19,210.51038509
5,19,277.61653321
5,19,152.18686809
5,19,119.83872902
5,19,269.62055115
5,19,230.37453559
5,19,231.34735078
5,19,153.56652554
5,19,286.51089836
5,19,128.61330293
5,19,147.66630754
5,19,115.88804662
5,19,565.00426373
5,19,126.92770728
5,19,167.48256488
5,19,122.69652892
5,19,177.6770198
5,19,203.75664958
5,19,244.92622604
5,19,132.00970199
5,19,172.37429741
5,19,177.0445519
5,19,133.96386449
5,19,165.13362278
5,19,163.25598807
5,19,212.27530649
5,19,145.39617845
5,19,165.8433851
5,19,118.06886783
5,19,125.93136323
