3,7,131.92730493
3,7,1907.13015319
3,7,2351.17911716
3,7,352.23088347
3,7,353.54068495
3,7,345.10368314
3,7,185.81574551
3,7,173.36659878
3,7,220.9723613
3,7,570.83352438
3,7,336.07064463
3,7,191.96342237
3,7,660.16465435
3,7,593.42714635
3,7,1989.07333213
3,7,2920.10669122
3,7,53.63237005
3,7,273.07176052
3,7,607.87405271
3,7,1442.87100757
3,7,1638.3419708
3,7,119.51035779
3,7,184.63650708
3,7,252.23657162
3,7,458.53392112
3,7,61.6662717
3,7,1400.57249277
3,7,1026.65729054
3,7,362.01737109
3,7,4.02020898
