3,23,162.42732651
3,23,186.39951067
3,23,183.50686076
3,23,130.02837684
3,23,177.86978807
3,23,163.50499081
3,23,178.52669159
3,23,162.56440009
3,23,137.41772036
3,23,184.70368612
3,23,144.09095298
3,23,123.72751545
3,23,118.15852859
3,23,163.6308381
3,23,199.80587451
3,23,182.93195304
3,23,181.86164808
3,23,128.48902741
3,23,140.53880473
3,23,164.30818342
3,23,147.08204548
3,23,127.9425207
3,23,130.42172529
3,23,180.19708977
3,23,150.93073754
3,23,175.76042491
3,23,125.64049465
3,23,158.23758085
3,23,124.64554356
3,23,136.32782606
