5,17,88.06250651
5,17,55.31024322
5,17,77.23635157
5,17,131.96437568
5,17,78.02775703
5,17,117.33088962
5,17,84.15215748
5,17,94.28061089
5,17,32.26265456
5,17,41.45420278
5,17,80.08166441
5,17,81.22481333
5,17,83.95800647
5,17,96.87879597
5,17,130.56865338
5,17,53.65561172
5,17,88.08775633
5,17,47.07329117
5,17,110.66241637
5,17,117.93358609
5,17,131.05096074
5,17,44.95725294
5,17,65.06072005
5,17,68.09377616
5,17,77.87909881
5,17,87.89768813
5,17,101.0375138
5,17,77.44960356
5,17,89.35624262
5,17,17.93549214
5,17,54.245946
5,17,86.85682638
5,17,81.74731723
5,17,100.26177617
5,17,102.94631975
5,17,94.69444536
5,17,132.11236844
5,17,75.11389986
5,17,96.60393355
5,17,74.73593112
5,17,94.36075896
5,17,96.32813054
5,17,63.7026183
5,17,100.55274599
5,17,97.05838994
5,17,77.82661141
5,17,86.86897319
5,17,89.64669593
5,17,100.92423679
5,17,93.50925425
