5,24,1032.7586743
5,24,982.52650607
5,24,1069.06045389
5,24,946.77109489
5,24,1084.5582103
5,24,1058.45381517
5,24,941.07768917
5,24,988.36376652
5,24,1117.96410784
5,24,1120.66947544
5,24,1034.94874788
5,24,921.31849798
5,24,865.1138043
5,24,1011.66814774
5,24,1127.33274573
5,24,1187.43477104
5,24,924.8369561
5,24,965.75875282
5,24,1052.71733028
5,24,819.08207803
5,24,1046.21792446
5,24,939.47634268
5,24,841.60040109
5,24,897.04784685
5,24,931.08552309
5,24,1052.56163514
5,24,1124.93128976
5,24,1237.38800296
5,24,955.74529647
5,24,1025.9779728
5,24,1234.70561913
5,24,1115.8426905
5,24,1175.92490841
5,24,1096.77783477
5,24,1224.89590926
5,24,997.52894562
5,24,1349.04600554
5,24,1087.4549624
5,24,911.46021444
5,24,1026.30792164
5,24,1011.75389944
5,24,983.9590704
5,24,940.25495891
5,24,949.92631827
5,24,1024.78172416
5,24,1082.94170137
5,24,1137.52713033
5,24,878.0627658
5,24,968.74047515
5,24,982.13124875
