3,15,450.15007363
3,15,273.61335138
3,15,672.93798436
3,15,900.65853193
3,15,305.49520138
3,15,100.39694427
3,15,330.61071343
3,15,1320.04878472
3,15,117.12959015
3,15,1283.09847938
3,15,404.12046699
3,15,583.43265448
3,15,828.49270505
3,15,843.97555437
3,15,135.60108551
3,15,187.19363933
3,15,412.99800275
3,15,20.70129414
3,15,766.6477278
3,15,834.76382082
3,15,497.04693483
3,15,80.05036914
3,15,483.90526037
3,15,128.85138691
3,15,1286.90240303
3,15,482.41489174
3,15,363.54756343
3,15,259.46779305
3,15,627.47575131
3,15,193.17798977
