5,3,552.56620568
5,3,909.21533228
5,3,1567.26730408
5,3,810.78142308
5,3,7660.41343627
5,3,1894.28161783
5,3,3000.26002569
5,3,1062.05468793
5,3,3129.48911011
5,3,4396.78025865
5,3,10744.95591376
5,3,968.75280528
5,3,2186.94538157
5,3,2699.82597322
5,3,979.55986426
5,3,711.08904792
5,3,9049.56856734
5,3,892.59876947
5,3,912.69514949
5,3,983.82001905
5,3,1744.06754071
5,3,965.44964059
5,3,613.02122701
5,3,6962.1613856
5,3,7236.34891087
5,3,9176.97058453
5,3,3353.11975337
5,3,1473.23107715
5,3,8364.3087344
5,3,3568.38246348
5,3,565.9776007
5,3,9776.17711132
5,3,4458.37858124
5,3,499.88494823
5,3,6236.61034048
5,3,7566.31616707
5,3,679.80907863
5,3,709.32080955
5,3,770.81039094
5,3,3133.90954244
5,3,647.20959323
5,3,580.66193956
5,3,3661.81669409
5,3,3276.93099548
5,3,1426.52605612
5,3,1003.5514792
5,3,649.66526626
5,3,1663.25378836
5,3,673.10041942
5,3,574.44611519
