3,22,751.24308488
3,22,1669.83947742
3,22,447.13748027
3,22,416.35704422
3,22,1283.02975368
3,22,559.03305395
3,22,1286.25443926
3,22,1163.50408922
3,22,1306.1958322
3,22,1491.78684171
3,22,803.90411332
3,22,1644.60229633
3,22,1766.3113067
3,22,885.64157251
3,22,1172.58922519
3,22,543.5984996
3,22,1762.17142371
3,22,425.97656168
3,22,1571.40790202
3,22,644.07039459
3,22,495.35679989
3,22,1030.72483599
3,22,579.84150417
3,22,519.66128111
3,22,522.93356849
3,22,784.21151181
3,22,1818.17355321
3,22,1723.59395155
3,22,1431.15256719
3,22,648.1098351
