3,16,193.42746451
3,16,411.62119286
3,16,180.07397867
3,16,338.13209107
3,16,231.13777381
3,16,231.86348709
3,16,131.48963956
3,16,149.00111433
3,16,191.03005567
3,16,280.70000921
3,16,272.21800058
3,16,56.92103369
3,16,127.53820407
3,16,280.1840927
3,16,148.62330876
3,16,241.46612203
3,16,229.33112574
3,16,233.36649915
3,16,60.0519643
3,16,60.52306404
3,16,99.25461938
3,16,214.48778621
3,16,286.02957291
3,16,143.06374701
3,16,57.4014612
3,16,127.93762492
3,16,52.40508038
3,16,352.16256569
3,16,220.80301115
3,16,151.61272929
