3,6,6272.91486727
3,6,33617.75690642
3,6,66484.13857763
3,6,71838.18840569
3,6,171067.60451611
3,6,65109.67618503
3,6,21273.26237291
3,6,39064.49907726
3,6,40013.94884834
3,6,146591.39244996
3,6,103993.4254452
3,6,146101.72073877
3,6,88813.18256719
3,6,4650.87518492
3,6,146741.75043266
3,6,87008.4141352
3,6,29213.23774589
3,6,18159.38380465
3,6,62999.12321631
3,6,17637.34590486
3,6,7971.59557377
3,6,7957.23740629
3,6,141813.01080212
3,6,22862.73787388
3,6,8941.86398335
3,6,193410.31375871
3,6,40328.97306781
3,6,49601.85614874
3,6,63950.98657959
3,6,189924.49070777
