3,7,731.78071662
3,7,714.42314483
3,7,210.8280567
3,7,2386.17084553
3,7,678.2861494
3,7,1297.69251271
3,7,362.83017019
3,7,637.90490243
3,7,1270.22130119
3,7,1514.53586645
3,7,1262.95003782
3,7,1762.54194988
3,7,1459.56460724
3,7,2492.46690246
3,7,8.04831933
3,7,2049.15180989
3,7,1929.70456884
3,7,368.12430792
3,7,1945.00615008
3,7,605.47771187
3,7,772.51952877
3,7,553.88413613
3,7,1579.07868433
3,7,714.42120181
3,7,3240.43818464
3,7,1286.73858372
3,7,1594.59008642
3,7,408.28082868
3,7,680.96475629
3,7,378.85772795
