5,22,497.85781696
5,22,448.52553645
5,22,466.95098349
5,22,199.96684237
5,22,202.45530358
5,22,1606.14004926
5,22,815.9811995
5,22,462.73682576
5,22,342.39604882
5,22,371.55092242
5,22,114.2432647
5,22,92.70580239
5,22,1145.16411405
5,22,12.76867915
5,22,256.68218798
5,22,1112.66680386
5,22,76.1660781
5,22,280.13328322
5,22,674.54246706
5,22,83.03687747
5,22,373.01116695
5,22,106.42196737
5,22,215.59476993
5,22,22.03619618
5,22,809.40890055
5,22,369.8400124
5,22,401.11603048
5,22,323.60632125
5,22,16.15285237
5,22,189.45755005
5,22,117.54414039
5,22,530.75488407
5,22,392.3246593
5,22,466.10214177
5,22,453.43719124
5,22,568.61481282
5,22,284.61306571
5,22,509.50562346
5,22,362.69847524
5,22,308.28559106
5,22,809.99991355
5,22,1251.7581246
5,22,3.74820022
5,22,1912.55724733
5,22,589.34267284
5,22,515.10848173
5,22,421.70792469
5,22,641.23035791
5,22,955.9863525
5,22,202.0479757
