3,22,1871.85886683
3,22,1612.75172772
3,22,1291.4450337
3,22,1228.78790593
3,22,1137.26970579
3,22,1314.66718312
3,22,1287.38287879
3,22,2227.54853264
3,22,1584.08421718
3,22,2636.75146553
3,22,1081.20861006
3,22,1197.84163334
3,22,1246.66043404
3,22,2621.54035436
3,22,1529.82772468
3,22,1531.69070083
3,22,1490.81292939
3,22,1215.99545355
3,22,1119.30887514
3,22,1206.78678175
3,22,2305.48887897
3,22,1933.63125979
3,22,2127.27213698
3,22,1195.84437054
3,22,1909.86472229
3,22,1294.20802796
3,22,1800.22096238
3,22,1172.55112985
3,22,1425.611289
3,22,1655.69770334
