3,2,11955423.13285724
3,2,5350602.38758117
3,2,26331245.60405321
3,2,46246348.24055946
3,2,18016383.90346569
3,2,46011756.42492427
3,2,50087973.96478333
3,2,31666578.50000288
3,2,21581500.5648804
3,2,54897461.04682095
3,2,21796539.42954785
3,2,24971341.36669965
3,2,7537041.23018827
3,2,14034991.06022792
3,2,2539031.51537164
3,2,12395002.35432541
3,2,5005254.43657908
3,2,24450775.37069995
3,2,3611264.96066188
3,2,2052250.9598704
3,2,255925.4675841
3,2,5484930.76306181
3,2,747050.44673124
3,2,44250865.86634488
3,2,19019838.54876704
3,2,18046867.32056841
3,2,19004050.22672101
3,2,8660417.33122477
3,2,7463644.62967805
3,2,11948179.33337252
