5,19,567.20464129
5,19,591.46013738
5,19,406.69900619
5,19,586.79389626
5,19,554.14896932
5,19,550.20043115
5,19,589.62399083
5,19,502.20100765
5,19,534.17770826
5,19,491.37442298
5,19,566.00812715
5,19,573.46250088
5,19,471.13718948
5,19,565.8491443
5,19,539.67460516
5,19,570.23584734
5,19,561.1655587
5,19,562.8456675
5,19,569.67118104
5,19,487.2571476
5,19,562.91098085
5,19,585.72712751
5,19,555.92004424
5,19,501.82907024
5,19,544.81111706
5,19,535.0163144
5,19,537.70786092
5,19,487.64212318
5,19,427.47374578
5,19,551.1128714
5,19,571.96814313
5,19,571.00076675
5,19,548.61411153
5,19,471.86283553
5,19,550.41058216
5,19,584.07911013
5,19,504.21488565
5,19,581.24207831
5,19,582.32940103
5,19,592.0901413
5,19,556.69601877
5,19,513.12963383
5,19,578.84567965
5,19,419.14593142
5,19,536.3002724
5,19,582.48538805
5,19,568.028196
5,19,463.16278565
5,19,539.26799234
5,19,532.18702412
