3,19,229.89511989
3,19,241.88425052
3,19,292.90097392
3,19,286.03690881
3,19,253.02936795
3,19,388.38306139
3,19,315.68909854
3,19,342.37786896
3,19,255.08197508
3,19,284.52143577
3,19,465.3904337
3,19,298.93988145
3,19,328.03323613
3,19,241.80957292
3,19,314.95269035
3,19,243.80168581
3,19,299.26370727
3,19,244.03124988
3,19,289.23500993
3,19,310.29726291
3,19,329.75655243
3,19,329.14460554
3,19,374.0382418
3,19,247.25954143
3,19,257.03899914
3,19,246.62793674
3,19,538.5173288
3,19,293.99853549
3,19,380.25287422
3,19,252.64116453
