3,8,85597.72825578
3,8,51150.19419703
3,8,10680.87559891
3,8,1584.86827497
3,8,16501.9229166
3,8,6413.84820713
3,8,24430.70686898
3,8,12831.64544471
3,8,48436.77178652
3,8,9562.62015238
3,8,835.65654656
3,8,2389.79616859
3,8,1838.00541932
3,8,33591.28426778
3,8,1406.66180266
3,8,321.3604707
3,8,32878.47442416
3,8,41152.7034092
3,8,59231.31766549
3,8,18671.14012784
3,8,1527.59210062
3,8,51882.32032187
3,8,5848.35542157
3,8,2124.37886643
3,8,841.71085619
3,8,14295.51935826
3,8,98155.62117244
3,8,48738.75437338
3,8,4968.10939871
3,8,5376.95496731
