5,17,16.87403648
5,17,20.0233949
5,17,61.65641478
5,17,11.73132251
5,17,39.35324695
5,17,88.92948052
5,17,33.51057653
5,17,14.83060374
5,17,23.58844093
5,17,297.79331708
5,17,20.45416107
5,17,14.28224111
5,17,30.53128547
5,17,89.77338236
5,17,0.63830575
5,17,33.04131928
5,17,39.61554684
5,17,29.91129611
5,17,20.70250078
5,17,20.69362636
5,17,0.38225291
5,17,48.60228458
5,17,117.60330043
5,17,26.98722141
5,17,190.84914759
5,17,324.98198718
5,17,239.06119299
5,17,37.78448209
5,17,365.45028831
5,17,169.20748696
5,17,14.18444021
5,17,46.88180608
5,17,23.12680029
5,17,107.17824438
5,17,239.53810944
5,17,12.1567321
5,17,26.2087664
5,17,72.82292723
5,17,49.18578603
5,17,196.14694862
5,17,8.4536515
5,17,6.61719742
5,17,11.16112015
5,17,8.09223421
5,17,125.31020099
5,17,35.63449871
5,17,33.94710122
5,17,9.3636949
5,17,105.95731757
5,17,9.94034317
