3,6,29509.21097972
3,6,88748.71455858
3,6,232410.62655065
3,6,165388.35090725
3,6,242777.18303351
3,6,77770.10945788
3,6,51930.46452216
3,6,16390.52647775
3,6,17735.70609767
3,6,10768.15791092
3,6,90190.97820638
3,6,65234.61293541
3,6,13455.23052762
3,6,55043.6992926
3,6,30369.19092703
3,6,75312.81636469
3,6,91453.21630362
3,6,1641.7120679
3,6,20120.19574611
3,6,161.25557455
3,6,84344.04274841
3,6,32342.32438873
3,6,85355.24402018
3,6,19963.68802579
3,6,132044.42929613
3,6,47483.3648673
3,6,556993.55981849
3,6,52182.81907864
3,6,102484.78185865
3,6,47478.51013558
