3,22,944.76325399
3,22,731.10756929
3,22,951.56972032
3,22,1008.56558108
3,22,391.08129041
3,22,528.39238666
3,22,1312.92407223
3,22,608.38304208
3,22,971.70661744
3,22,1516.4951602
3,22,467.02374733
3,22,503.2032555
3,22,528.93158898
3,22,548.15684764
3,22,827.42582606
3,22,617.16165422
3,22,338.4939371
3,22,924.93530339
3,22,864.81505482
3,22,405.10987996
3,22,599.56895067
3,22,818.82090963
3,22,688.41496117
3,22,1051.59699899
3,22,1613.08218998
3,22,457.2677533
3,22,412.60520968
3,22,563.71091562
3,22,1144.21394617
3,22,1957.74961653
