3,14,81.16533011
3,14,37.40542845
3,14,93.58952055
3,14,44.40945408
3,14,142.7551938
3,14,104.12341415
3,14,121.32595514
3,14,55.87543978
3,14,79.6287293
3,14,140.58003602
3,14,76.44023332
3,14,119.72371573
3,14,106.44781141
3,14,89.53864877
3,14,130.42514353
3,14,373.95866601
3,14,147.94956947
3,14,101.89947679
3,14,58.0088201
3,14,100.09698196
3,14,101.96632394
3,14,84.53134783
3,14,237.90638405
3,14,66.8425647
3,14,79.9735488
3,14,61.39812926
3,14,47.37218209
3,14,48.42689364
3,14,171.99230837
3,14,56.41206261
