5,24,87.60292584
5,24,65.50879746
5,24,94.60575682
5,24,145.96633717
5,24,109.31080744
5,24,123.87559579
5,24,12.6428274
5,24,105.6200176
5,24,93.13263627
5,24,112.23117581
5,24,106.72835802
5,24,103.1882309
5,24,128.77600825
5,24,171.51572614
5,24,215.04159027
5,24,91.67264508
5,24,36.43545516
5,24,1.68088571
5,24,261.77697868
5,24,155.48452946
5,24,2.55057504
5,24,57.16385762
5,24,6.46487042
5,24,87.77902093
5,24,117.08567914
5,24,74.1929649
5,24,23.17327108
5,24,22.96905264
5,24,172.91730511
5,24,126.0792402
5,24,240.31819164
5,24,206.74035027
5,24,61.38317525
5,24,27.6661801
5,24,91.34900652
5,24,157.20008207
5,24,179.35109261
5,24,94.32571827
5,24,67.64798708
5,24,133.48930823
5,24,48.37614147
5,24,3.47045123
5,24,28.34834638
5,24,31.98653921
5,24,97.41244792
5,24,15.79524305
5,24,69.91507083
5,24,134.84187494
5,24,45.53380277
5,24,164.17040117
