3,7,133.43229121
3,7,391.54368086
3,7,146.4402145
3,7,1466.25989272
3,7,591.27679007
3,7,1.95684308
3,7,236.40106953
3,7,186.55461147
3,7,337.78584725
3,7,85.68639183
3,7,43.38819472
3,7,302.98827275
3,7,202.0068917
3,7,1056.56986704
3,7,112.23116536
3,7,112.59805907
3,7,263.42609416
3,7,56.80899738
3,7,1837.46627429
3,7,60.39688488
3,7,1488.85291059
3,7,91.17546585
3,7,226.52748305
3,7,114.60159474
3,7,22.8878487
3,7,276.82815475
3,7,177.46596166
3,7,332.66035678
3,7,100.16715272
3,7,157.16011802
