3,18,1447.34519122
3,18,835.42429997
3,18,1039.52617926
3,18,528.68717381
3,18,757.98210956
3,18,995.43359021
3,18,1176.90733318
3,18,706.1879031
3,18,501.01446785
3,18,919.27889477
3,18,960.47550547
3,18,989.916602
3,18,858.07644977
3,18,617.18086341
3,18,668.28659467
3,18,552.38376592
3,18,546.0788528
3,18,696.81095077
3,18,750.92397764
3,18,901.29079043
3,18,1553.61213377
3,18,1914.66511763
3,18,773.0233398
3,18,1686.25635156
3,18,669.48755573
3,18,1026.60237775
3,18,1064.24350929
3,18,867.43865431
3,18,481.65274465
3,18,680.90995126
