5,20,23250.99783973
5,20,35467.20747606
5,20,36036.17341574
5,20,92961.50464235
5,20,72985.67227718
5,20,79753.01922197
5,20,97371.57041117
5,20,50613.84497179
5,20,170963.92165878
5,20,1751.7994896
5,20,120022.74767201
5,20,25634.84152715
5,20,106100.29307559
5,20,1017.41391481
5,20,50639.48712751
5,20,8458.1705481
5,20,109714.1457136
5,20,104590.34586477
5,20,11605.11025905
5,20,9248.08891572
5,20,41378.80204701
5,20,24125.04749308
5,20,111384.72016271
5,20,585.69519489
5,20,21063.55036181
5,20,86542.17107395
5,20,95867.675205
5,20,41878.56223649
5,20,33976.63436209
5,20,94668.21294629
5,20,135883.45084629
5,20,119920.94346483
5,20,22732.58030681
5,20,71828.25938868
5,20,80471.99648331
5,20,94968.32120616
5,20,123609.81234246
5,20,93182.02951279
5,20,37854.12500304
5,20,83024.10121091
5,20,112655.9786616
5,20,32580.37641236
5,20,45630.69024172
5,20,5707.11169238
5,20,98865.19870243
5,20,26906.09330519
5,20,118292.58268736
5,20,27818.23769643
5,20,2389.5581058
5,20,17711.91726603
