3,18,70.00594257
3,18,281.14020883
3,18,1079.96972541
3,18,356.03747318
3,18,76.84972706
3,18,139.35384468
3,18,830.39805938
3,18,177.61485462
3,18,312.91600796
3,18,729.54470766
3,18,1094.48291318
3,18,99.67887
3,18,194.56105366
3,18,55.71135942
3,18,822.51673583
3,18,165.63936894
3,18,989.77805146
3,18,240.29931143
3,18,10.76187265
3,18,269.43095274
3,18,151.24801277
3,18,100.63514847
3,18,1496.85719793
3,18,116.71465023
3,18,587.1852006
3,18,173.94370284
3,18,181.58565281
3,18,201.63095999
3,18,923.23790265
3,18,176.90203825
