5,2,3428037.74596043
5,2,955527.2358153
5,2,12391374.47153842
5,2,14985402.11492062
5,2,18608353.88676688
5,2,1545315.81271718
5,2,3873712.22248794
5,2,4585623.03842596
5,2,5674735.91723305
5,2,21941618.0453666
5,2,2020023.77749955
5,2,1039145.82672336
5,2,5206716.9356488
5,2,15855871.70224929
5,2,8064427.36377753
5,2,19203204.67996864
5,2,8122432.3950551
5,2,23635010.47683921
5,2,7335361.09571291
5,2,15721013.03802027
5,2,9303895.08405899
5,2,10028713.21992151
5,2,14290444.73935834
5,2,7107530.81746781
5,2,5573840.27234755
5,2,8419722.17499209
5,2,10174617.19823709
5,2,2540794.85402437
5,2,6917995.40991511
5,2,5459487.52141149
5,2,2439473.16987778
5,2,1537424.32077435
5,2,1294206.45028706
5,2,9952345.36261148
5,2,7711409.18917301
5,2,8427697.00498858
5,2,1896469.38550434
5,2,12735993.65826207
5,2,5935645.13539333
5,2,6044734.13264679
5,2,463325.26520057
5,2,11338320.55252088
5,2,720448.89493992
5,2,16977119.39714159
5,2,2685382.52146016
5,2,967875.42386535
5,2,1692226.36036159
5,2,1859205.82866135
5,2,11383475.17146691
5,2,4993653.89126062
