3,3,54.40862607
3,3,1911.3544341
3,3,716.07604428
3,3,4754.97967086
3,3,1637.14442643
3,3,7079.52094465
3,3,4494.20853801
3,3,3329.61438162
3,3,286.20206006
3,3,339.77654549
3,3,237.45509289
3,3,510.80232246
3,3,1152.12814514
3,3,1210.65547549
3,3,579.00530826
3,3,5189.17568761
3,3,1333.38041849
3,3,768.53588223
3,3,192.25613447
3,3,182.33940919
3,3,210.75492995
3,3,2110.41623873
3,3,4883.28484776
3,3,139.01230015
3,3,265.96775972
3,3,378.44351669
3,3,236.98141851
3,3,3477.93588473
3,3,1105.35975381
3,3,395.55314254
