3,17,12.41542544
3,17,26.9351794
3,17,18.34068273
3,17,78.89467705
3,17,51.19460941
3,17,24.72622253
3,17,30.14286156
3,17,18.37221766
3,17,25.1224639
3,17,46.52896915
3,17,16.68438039
3,17,21.02524986
3,17,44.48743961
3,17,79.87605522
3,17,7.41281391
3,17,20.60811097
3,17,38.50415707
3,17,64.59245116
3,17,31.49254005
3,17,14.77992356
3,17,89.26451534
3,17,33.97756481
3,17,10.19444396
3,17,36.35037924
3,17,46.56769392
3,17,83.8486775
3,17,2.2712981
3,17,33.80168014
3,17,71.71908667
3,17,16.66009669
