3,6,62361.86108626
3,6,56473.39293733
3,6,3647.36631341
3,6,52832.21272424
3,6,38465.90216615
3,6,37936.13140745
3,6,1897.126563
3,6,56706.44839494
3,6,74323.88203257
3,6,972.91714906
3,6,7063.85700897
3,6,1742.57021056
3,6,7573.16831916
3,6,123463.99884819
3,6,97083.60229123
3,6,68241.50273495
3,6,89059.5882288
3,6,30925.01231753
3,6,73379.01479483
3,6,25276.20545828
3,6,65931.0047889
3,6,13285.29856323
3,6,37899.05063818
3,6,39856.83841493
3,6,87284.68625275
3,6,68718.29053541
3,6,33790.29691793
3,6,80218.61687328
3,6,16559.49867466
3,6,95934.48001375
