5,23,240.5194855
5,23,192.89187615
5,23,214.00036604
5,23,223.38525611
5,23,230.15239545
5,23,242.64702851
5,23,210.96034198
5,23,243.66507213
5,23,206.49085892
5,23,206.41682388
5,23,198.55296694
5,23,242.01592868
5,23,240.71669295
5,23,216.19585298
5,23,246.8628841
5,23,217.36355332
5,23,216.2271683
5,23,232.96718003
5,23,235.00276589
5,23,227.09108404
5,23,241.90440926
5,23,214.70537055
5,23,238.66151645
5,23,193.21150345
5,23,220.50476816
5,23,241.39442764
5,23,237.81359438
5,23,222.71788879
5,23,222.63788135
5,23,196.22250848
5,23,223.34368174
5,23,217.32125474
5,23,248.17052137
5,23,228.2848639
5,23,242.81901282
5,23,235.24549093
5,23,235.96379961
5,23,240.49987947
5,23,217.26145178
5,23,203.08509312
5,23,196.7397565
5,23,250.07969889
5,23,245.62754045
5,23,208.17170756
5,23,246.89069736
5,23,228.06620208
5,23,197.55993258
5,23,213.03910438
5,23,212.02919544
5,23,240.11002253
