5,12, 2.91184560e+08
5,12, 1.33355234e+08
5,12, 1.97993200e+08
5,12,44193709.20629148
5,12, 2.62123200e+08
5,12, 3.13240004e+10
5,12,42233278.54558817
5,12, 4.07223096e+09
5,12,52230137.11012287
5,12, 1.24529885e+10
5,12, 1.04972328e+08
5,12, 3.02135683e+08
5,12, 2.97108012e+08
5,12,13779423.65406696
5,12, 6.36372492e+08
5,12, 1.75650416e+08
5,12, 1.92695198e+08
5,12,74248883.74974471
5,12, 1.38133484e+09
5,12,92745252.46278182
5,12, 6.15771041e+08
5,12,62489624.06158578
5,12, 5.29897894e+08
5,12, 2.98530990e+08
5,12, 1.92500003e+08
5,12, 3.92834713e+08
5,12,25970033.06977025
5,12, 5.37938371e+08
5,12, 3.58879817e+08
5,12, 5.46727959e+08
5,12, 1.40423136e+08
5,12, 2.69034482e+09
5,12, 2.54125091e+08
5,12, 3.48906662e+08
5,12, 2.67182820e+08
5,12, 2.07853168e+09
5,12,76548889.59354615
5,12, 3.74268195e+08
5,12,21790253.46139363
5,12,52184747.9796668
5,12, 1.76304897e+08
5,12, 3.59297130e+08
5,12, 1.05632521e+08
5,12,41309035.36688206
5,12,59420027.8560865
5,12, 1.73998994e+08
5,12, 2.02407994e+08
5,12, 1.95682888e+08
5,12,66089379.65409949
5,12, 3.08597965e+09
