5,22,921.43680447
5,22,521.01222684
5,22,1025.74266542
5,22,598.31319369
5,22,1302.54742564
5,22,1660.38564693
5,22,140.72659702
5,22,449.1282753
5,22,2519.94693798
5,22,233.25464975
5,22,2086.97673083
5,22,539.56629195
5,22,1008.20276718
5,22,196.76337441
5,22,1035.01642929
5,22,150.29785881
5,22,239.1181004
5,22,1614.68916793
5,22,393.48141269
5,22,280.32337706
5,22,568.32849031
5,22,695.04263427
5,22,883.74473221
5,22,1232.68265659
5,22,719.23630759
5,22,294.42711079
5,22,816.23500733
5,22,392.13659984
5,22,275.30881892
5,22,866.55777429
5,22,138.83145273
5,22,531.14665451
5,22,333.84871142
5,22,2416.11358494
5,22,200.08592237
5,22,727.44828617
5,22,131.95045177
5,22,216.64755413
5,22,536.87940486
5,22,566.4481784
5,22,1314.66911973
5,22,1591.98115958
5,22,1670.58470716
5,22,185.77198488
5,22,1089.56093028
5,22,577.29133678
5,22,219.98928472
5,22,917.77680588
5,22,373.28728349
5,22,437.13728834
