5,22,1665.59809127
5,22,1491.95446512
5,22,454.30440204
5,22,637.86293257
5,22,1216.57709253
5,22,341.75089763
5,22,1361.81300901
5,22,301.39691765
5,22,132.00346436
5,22,422.38315834
5,22,181.42412219
5,22,1364.73467879
5,22,1688.36083722
5,22,502.53181198
5,22,276.16062346
5,22,1544.98835239
5,22,2333.65280573
5,22,697.33768943
5,22,1066.61638314
5,22,244.55927657
5,22,1844.50557482
5,22,573.86701656
5,22,652.50565201
5,22,2239.42782558
5,22,266.73191684
5,22,1382.1572064
5,22,558.76750751
5,22,406.79857185
5,22,479.51797435
5,22,2263.25321622
5,22,993.61566331
5,22,879.90095368
5,22,635.81919718
5,22,612.11365789
5,22,208.05591778
5,22,1665.80425264
5,22,307.79460115
5,22,1207.90372442
5,22,282.5236693
5,22,891.17553918
5,22,586.17906009
5,22,1024.30497154
5,22,1382.3083975
5,22,1480.88121345
5,22,2492.82726252
5,22,801.89649064
5,22,1752.61941595
5,22,797.70708242
5,22,1113.84616142
5,22,331.10355605
