5,20,68440.1369333
5,20,11456.53346946
5,20,27395.52420166
5,20,10295.07480553
5,20,56821.97228074
5,20,2259.06149128
5,20,55279.70379057
5,20,9770.1641734
5,20,5377.20701336
5,20,35505.94924182
5,20,238264.49815778
5,20,75346.11125762
5,20,21360.39858093
5,20,26226.46974509
5,20,14677.71215815
5,20,115098.70389849
5,20,58775.34383311
5,20,5059.17451356
5,20,13113.97672507
5,20,34519.99611844
5,20,21930.32968351
5,20,97213.41987092
5,20,109559.40620902
5,20,91439.03729093
5,20,28268.12300322
5,20,35470.56672637
5,20,56979.82766006
5,20,25941.12262862
5,20,16618.86145282
5,20,22874.02726985
5,20,14510.6277756
5,20,36151.70262248
5,20,10881.44964842
5,20,159852.16234602
5,20,40351.67099796
5,20,5317.6036985
5,20,10413.11773905
5,20,102246.49340781
5,20,84487.17830415
5,20,37190.57617555
5,20,26146.97431997
5,20,10380.10776762
5,20,10012.73295263
5,20,32784.80986287
5,20,33531.17349983
5,20,8099.30491969
5,20,37543.19967531
5,20,88151.09000168
5,20,18363.04397309
5,20,99809.49136378
