5,9,16548.25470043
5,9,139435.20616024
5,9,69937.78212227
5,9,30700.5995618
5,9,141232.15235274
5,9,4473.96439009
5,9,28753.22860867
5,9,22678.44780773
5,9,161323.35224127
5,9,56049.23525287
5,9,15878.36244426
5,9,44035.90182778
5,9,256451.38487736
5,9,34486.06099588
5,9,39118.30481169
5,9,149531.22846
5,9,84845.49173214
5,9,66621.20425625
5,9,18816.65986813
5,9,133313.12617001
5,9,35159.27809854
5,9,66942.23845093
5,9,152538.40050574
5,9,144362.93411428
5,9,184490.69054277
5,9,25370.40206653
5,9,53693.34531189
5,9,31713.21125089
5,9,133900.41417608
5,9,47597.5567859
5,9,22842.74136457
5,9,40584.26453576
5,9,39269.35351782
5,9,22533.60298761
5,9,91912.73761885
5,9,96924.92164012
5,9,56286.40442193
5,9,25595.33393394
5,9,8256.13817515
5,9,149895.00481745
5,9,18046.17052089
5,9,51919.02228247
5,9,15000.48213905
5,9,8577.60333452
5,9,196216.79633977
5,9,78355.41527196
5,9,756.5795972
5,9,182902.49649542
5,9,1256.32904701
5,9,42802.6184389
