3,5,178.68638178
3,5,89.73716587
3,5,145.8533587
3,5,87.36405795
3,5,186.61016289
3,5,169.81095627
3,5,135.46616606
3,5,188.60741334
3,5,189.78270724
3,5,110.52183338
3,5,166.72667211
3,5,168.40356394
3,5,149.26809537
3,5,144.82750002
3,5,148.6508962
3,5,263.02336974
3,5,165.6582903
3,5,114.94790527
3,5,79.78033638
3,5,168.32077623
3,5,128.33834089
3,5,159.97166118
3,5,165.43601287
3,5,160.47578242
3,5,172.85894652
3,5,129.84698862
3,5,158.53077284
3,5,176.13099692
3,5,131.64532555
3,5,190.70821192
