3,18,15.24048697
3,18,803.5294077
3,18,90.33086496
3,18,67.76794505
3,18,213.02492732
3,18,9.35941341
3,18,259.59071061
3,18,1146.81975509
3,18,26.0145755
3,18,95.46141647
3,18,1235.78968202
3,18,344.6327858
3,18,19.2542308
3,18,1257.23642118
3,18,1182.24639606
3,18,15.56818977
3,18,191.74606912
3,18,141.32982855
3,18,1658.22843283
3,18,144.81722686
3,18,190.41027543
3,18,190.25347638
3,18,12.05033517
3,18,629.16635739
3,18,103.43158281
3,18,36.88567897
3,18,24.28735188
3,18,145.03433145
3,18,48.20268791
3,18,239.85208199
