3,22,248.76952024
3,22,412.52918861
3,22,714.75860574
3,22,527.89725108
3,22,1164.53516733
3,22,1109.06431038
3,22,255.6614797
3,22,204.39966718
3,22,69.04410524
3,22,1328.36594313
3,22,1162.07926484
3,22,412.70337249
3,22,512.64179742
3,22,584.87226029
3,22,435.37925716
3,22,352.34574058
3,22,1024.37651577
3,22,122.49810565
3,22,41.13264558
3,22,221.70659662
3,22,94.91131125
3,22,1966.16063721
3,22,86.30580378
3,22,858.60931098
3,22,1377.51509843
3,22,40.7899059
3,22,6.90931582
3,22,937.94155372
3,22,273.45868949
3,22,111.48559394
