5,17,232.59591916
5,17,590.06293468
5,17,542.02959326
5,17,578.9650933
5,17,592.73656309
5,17,522.52838926
5,17,574.56767051
5,17,506.19384326
5,17,562.29990936
5,17,411.50397896
5,17,593.71360826
5,17,582.21036473
5,17,562.63243585
5,17,574.25710412
5,17,381.88750951
5,17,414.83042128
5,17,535.05401176
5,17,22.95570412
5,17,663.27036712
5,17,544.04988311
5,17,533.09102052
5,17,477.80600696
5,17,513.02174201
5,17,651.65783483
5,17,608.31954221
5,17,278.40252465
5,17,457.02073031
5,17,620.65317708
5,17,224.87417696
5,17,340.88490126
5,17,629.70106042
5,17,214.87057741
5,17,548.95348055
5,17,555.95828247
5,17,623.51726787
5,17,548.5709699
5,17,398.14011529
5,17,591.99077887
5,17,567.98187125
5,17,667.30319515
5,17,724.10497367
5,17,543.48990998
5,17,652.53038788
5,17,663.12714337
5,17,462.30127564
5,17,487.84391486
5,17,543.0352991
5,17,625.93572205
5,17,561.33156668
5,17,561.34353882
