3,24,1044.71454635
3,24,1068.28703216
3,24,983.45888342
3,24,1212.96633048
3,24,1216.07683549
3,24,1040.96242428
3,24,1136.15854663
3,24,1011.73383556
3,24,1059.75422782
3,24,1025.20663447
3,24,1043.60456881
3,24,1085.9505981
3,24,1088.12629509
3,24,1014.68491464
3,24,1149.79959624
3,24,1192.95719534
3,24,1138.40062185
3,24,1213.84599636
3,24,1120.18418346
3,24,1061.73212741
3,24,979.92646326
3,24,1092.51852179
3,24,930.74195551
3,24,1077.19423181
3,24,1131.95059115
3,24,1102.64645582
3,24,1063.37468235
3,24,1197.96559835
3,24,1053.70292549
3,24,915.66116452
