5,5,1038.67150167
5,5,964.52036922
5,5,992.6923519
5,5,959.10296806
5,5,1015.93125005
5,5,999.96112171
5,5,935.12652834
5,5,1062.15767508
5,5,981.3288951
5,5,917.95128384
5,5,976.17579138
5,5,982.48018117
5,5,937.10559544
5,5,994.46457693
5,5,1029.2461226
5,5,1005.89563238
5,5,979.08294855
5,5,974.56423189
5,5,937.63440044
5,5,939.51103669
5,5,1013.87030366
5,5,1019.41197214
5,5,1008.17891069
5,5,1110.17424562
5,5,913.13056292
5,5,972.24852831
5,5,917.28664919
5,5,954.19599186
5,5,991.82058722
5,5,1021.32682437
5,5,933.09592619
5,5,942.67371641
5,5,1050.28899139
5,5,988.8185848
5,5,940.08636401
5,5,947.88191938
5,5,963.21965065
5,5,1013.61352363
5,5,922.99871278
5,5,957.26279866
5,5,1052.00723667
5,5,1013.84008842
5,5,935.49489624
5,5,914.38365806
5,5,951.53242296
5,5,913.13434895
5,5,923.8376039
5,5,967.31546735
5,5,833.45951846
5,5,980.04131724
