5,13,1203.17705926
5,13,274.60593481
5,13,481.7706748
5,13,1650.41564379
5,13,171.73084233
5,13,431.88167664
5,13,570.21058389
5,13,1130.66110627
5,13,622.64555491
5,13,778.47186604
5,13,53.07050229
5,13,1098.2613928
5,13,614.0583872
5,13,208.55481824
5,13,519.35162783
5,13,265.91164384
5,13,111.83098235
5,13,31.31289576
5,13,406.33853597
5,13,601.24531492
5,13,131.67141542
5,13,314.82244193
5,13,393.97637024
5,13,312.09179214
5,13,1350.09019769
5,13,321.43644685
5,13,1094.26693135
5,13,849.9683803
5,13,539.07415814
5,13,432.24859252
5,13,2098.580547
5,13,580.04019508
5,13,351.05719153
5,13,360.09645997
5,13,481.17232155
5,13,1982.00264068
5,13,1913.46381216
5,13,1217.01149551
5,13,186.33348008
5,13,1751.630806
5,13,1486.69295026
5,13,654.16471145
5,13,209.34828208
5,13,1207.98632745
5,13,322.83828904
5,13,590.28971811
5,13,1409.10953223
5,13,505.95160598
5,13,685.02419197
5,13,336.43980303
