5,2,2267130.85390535
5,2,423745.00996721
5,2,15300623.46482409
5,2,96198.21328014
5,2,3035828.98228981
5,2,42021664.20420487
5,2,37320720.44478104
5,2,8651217.1171666
5,2,2749510.50643154
5,2,6700650.28246775
5,2,1015534.39700633
5,2,4777956.21407521
5,2,34347295.93446733
5,2,1043020.789898
5,2,2337546.14695747
5,2,6052621.62875661
5,2,3049857.687436
5,2,25175932.22533858
5,2,16359259.32726399
5,2,7060323.88475851
5,2,6054695.75579221
5,2,1384074.42667057
5,2,8113456.94350483
5,2,10854887.06369976
5,2,3928297.00969631
5,2,8847871.80084418
5,2,5256774.07467675
5,2,2813167.57599296
5,2,17178782.48679722
5,2,10005889.7608821
5,2,3518559.44677167
5,2,23277583.20404124
5,2,1542227.49232511
5,2,3096085.33346361
5,2,12921460.30423764
5,2,1307375.14650592
5,2,601881.26974701
5,2,850022.48599817
5,2,14074660.83454424
5,2,1210263.43968941
5,2,31488705.93891772
5,2,26442535.46545711
5,2,1023583.17695794
5,2,4261707.82942622
5,2,1132753.5427895
5,2,3087399.93994972
5,2,35471757.88961723
5,2,21061913.94101589
5,2,11745839.90756243
5,2,16834998.16165734
