5,19,126.55594648
5,19,167.30175436
5,19,158.69837494
5,19,153.53374529
5,19,93.47654891
5,19,111.85044564
5,19,193.92472779
5,19,140.04611268
5,19,96.97379049
5,19,165.84500931
5,19,130.86367772
5,19,124.1678177
5,19,213.98525146
5,19,100.53273501
5,19,126.13687903
5,19,135.17939873
5,19,156.7117993
5,19,130.42403377
5,19,95.23817794
5,19,148.26131228
5,19,165.52280053
5,19,104.22539635
5,19,169.96979124
5,19,136.34745817
5,19,166.35580344
5,19,177.66977427
5,19,165.40693798
5,19,164.42102574
5,19,140.81814566
5,19,115.54479771
5,19,121.20001046
5,19,124.54731621
5,19,122.95833234
5,19,265.14729327
5,19,243.662409
5,19,150.2605739
5,19,216.4059599
5,19,138.49947341
5,19,106.08523191
5,19,538.45282832
5,19,266.80155799
5,19,205.18468155
5,19,198.93752755
5,19,146.62719191
5,19,127.91357742
5,19,231.94044878
5,19,134.08599509
5,19,139.71806734
5,19,121.6104987
5,19,146.45418278
