5,12,47536881.71486473
5,12, 8.48110453e+08
5,12, 4.91253644e+08
5,12, 1.71208165e+08
5,12, 1.39513924e+08
5,12,32282088.75528909
5,12, 1.60034500e+08
5,12, 7.25958975e+08
5,12, 1.23895766e+08
5,12, 1.11288346e+08
5,12, 3.03442215e+08
5,12,38182810.71346314
5,12, 1.83072230e+08
5,12, 5.22846620e+08
5,12, 4.55697788e+08
5,12, 3.79253292e+09
5,12, 5.52029943e+08
5,12, 1.54400797e+08
5,12, 3.76898873e+08
5,12, 3.63208183e+08
5,12, 3.38245864e+08
5,12, 3.27625382e+08
5,12, 8.44654150e+08
5,12, 1.61340573e+08
5,12, 2.81064186e+08
5,12, 2.55385313e+08
5,12, 3.07093561e+08
5,12, 5.58167758e+09
5,12, 3.27713804e+08
5,12, 2.60328459e+08
5,12, 4.74486335e+08
5,12, 8.03749206e+08
5,12, 4.32225558e+08
5,12, 6.41651235e+08
5,12,77260518.19921592
5,12, 1.86794660e+08
5,12, 2.87511478e+09
5,12,30630747.31445945
5,12,35192802.72482279
5,12,8073113.79068403
5,12,56533700.16442379
5,12, 1.44714022e+09
5,12,38582921.89810581
5,12,44419463.41066968
5,12,91979465.58925445
5,12, 3.22173509e+08
5,12, 1.60200800e+08
5,12, 7.93941823e+08
5,12, 1.21320226e+08
5,12, 6.40241822e+08
