5,13,458.63320854
5,13,599.60424638
5,13,965.06152573
5,13,871.96310329
5,13,921.75753028
5,13,1615.06374941
5,13,513.35440905
5,13,1830.1246487
5,13,2135.45759387
5,13,265.11433932
5,13,813.70022393
5,13,9.59873766
5,13,1119.32515485
5,13,43.69484942
5,13,2480.54627327
5,13,700.26874688
5,13,1933.54472533
5,13,1010.68396413
5,13,413.17061328
5,13,1445.78316364
5,13,549.44636197
5,13,299.25282096
5,13,2765.544758
5,13,1084.3276527
5,13,511.34957805
5,13,1193.95663483
5,13,712.14101506
5,13,2394.10923425
5,13,1924.46255479
5,13,41.48729534
5,13,995.3093765
5,13,1250.14130529
5,13,1232.44601636
5,13,1853.07588528
5,13,792.37796923
5,13,2239.66087124
5,13,1779.27266225
5,13,753.63422618
5,13,1070.30419762
5,13,603.33955855
5,13,514.34791108
5,13,985.26362482
5,13,1048.50785886
5,13,933.17928429
5,13,1090.48082319
5,13,1733.00323356
5,13,1764.29142932
5,13,1177.13850145
5,13,561.05515021
5,13,2542.67330585
