5,2,5352084.71284349
5,2,18804611.28922478
5,2,5915958.78758053
5,2,10234637.93662351
5,2,981435.4353606
5,2,2334439.95397973
5,2,9710936.17295039
5,2,19525671.06879489
5,2,2334614.69538069
5,2,11438064.69145676
5,2,1328764.64435928
5,2,3237433.58343364
5,2,3019859.70989324
5,2,1278159.1647638
5,2,291571.95965465
5,2,3288298.76857775
5,2,708506.91147572
5,2,1339874.33258942
5,2,2181811.57135205
5,2,11752764.04975429
5,2,6853996.81007603
5,2,10830793.13371839
5,2,7662384.51001642
5,2,7602809.87238131
5,2,18674882.1887499
5,2,4070811.22849729
5,2,11801673.25315437
5,2,5160098.4428482
5,2,21526964.40667084
5,2,1675183.05470489
5,2,13758492.58167025
5,2,9737621.05833575
5,2,5391581.66973435
5,2,8561473.1672321
5,2,523301.14132977
5,2,28550810.6712243
5,2,1803336.76070082
5,2,5706641.9931313
5,2,10551430.24148274
5,2,24201111.99465124
5,2,8145049.36264344
5,2,8500139.32480241
5,2,8076099.36132182
5,2,2564169.88381886
5,2,1128401.9725345
5,2,11502258.61783305
5,2,5246605.68240015
5,2,7683900.9615728
5,2,19661135.39709101
5,2,8368284.7714735
