3,2,8472028.73613138
3,2,19297360.14020719
3,2,3699486.27307733
3,2,16481768.77658487
3,2,7017357.31366665
3,2,6440493.89207982
3,2,36925974.18561037
3,2,36649139.18327013
3,2,9787312.98859191
3,2,7820268.77034497
3,2,2289612.59030196
3,2,11576399.1467763
3,2,4477554.30900668
3,2,8882228.25184027
3,2,725070.3185454
3,2,2232072.43801797
3,2,9791767.53093137
3,2,1462038.18935484
3,2,8169444.13821666
3,2,15797677.42981159
3,2,1037169.09734226
3,2,30696605.16179697
3,2,904911.95738786
3,2,6732132.86022646
3,2,3392205.1246575
3,2,3316823.96351778
3,2,21865664.57024377
3,2,3019118.93399113
3,2,20864962.24833246
3,2,801565.84123856
