3,22,1019.39838655
3,22,531.82915574
3,22,1250.21645262
3,22,1874.88542538
3,22,1633.82263482
3,22,969.43994612
3,22,110.55778335
3,22,482.83895664
3,22,336.54705105
3,22,330.81025727
3,22,960.69572697
3,22,1149.05911832
3,22,775.26422057
3,22,1022.40173625
3,22,703.62554398
3,22,880.52053385
3,22,296.35479591
3,22,804.31898642
3,22,123.09540216
3,22,778.25137681
3,22,777.48002222
3,22,1654.48246786
3,22,883.80140469
3,22,456.79073968
3,22,285.65002318
3,22,1935.7269405
3,22,263.3515603
3,22,1021.88313318
3,22,670.71208881
3,22,1637.94364831
