5,7,5.22398174
5,7,214.9181985
5,7,991.90402561
5,7,116.9153128
5,7,1431.10341916
5,7,903.60708021
5,7,179.58951147
5,7,252.80037179
5,7,658.7086314
5,7,872.11695284
5,7,41.99688331
5,7,524.2559218
5,7,333.46427624
5,7,277.05390965
5,7,488.64232113
5,7,60.49475425
5,7,270.50273351
5,7,1743.89938454
5,7,120.80364416
5,7,673.96143496
5,7,1826.40141577
5,7,2325.59421038
5,7,40.45662153
5,7,897.3784575
5,7,3201.58102134
5,7,2626.8276693
5,7,130.56140603
5,7,1831.85217064
5,7,2200.00061849
5,7,278.13530997
5,7,433.20070398
5,7,90.22390947
5,7,708.30281981
5,7,1139.13379896
5,7,132.07443962
5,7,75.37686503
5,7,387.02361671
5,7,816.04746682
5,7,1211.65666527
5,7,132.19003816
5,7,247.01099108
5,7,735.80081705
5,7,193.10211916
5,7,27.7370496
5,7,162.13906863
5,7,1610.15249497
5,7,235.90253781
5,7,1273.68268052
5,7,1113.68620166
5,7,874.06526152
