5,22,139.67550496
5,22,61.89060261
5,22,380.21932658
5,22,853.37578965
5,22,228.82591377
5,22,140.22743926
5,22,834.23219424
5,22,371.11143378
5,22,189.77489213
5,22,638.61602921
5,22,435.97096908
5,22,100.53747366
5,22,388.18231508
5,22,890.97807663
5,22,180.06704699
5,22,44.85666643
5,22,120.96690099
5,22,499.40045637
5,22,912.31696094
5,22,27.22233834
5,22,167.00605275
5,22,526.08476914
5,22,725.52518703
5,22,295.07592089
5,22,110.10442845
5,22,762.93574406
5,22,424.22665389
5,22,557.82799347
5,22,402.93100325
5,22,842.59597301
5,22,753.10889231
5,22,101.94598976
5,22,4.43912453
5,22,720.14275658
5,22,737.56082259
5,22,480.24835473
5,22,577.63124221
5,22,729.44704768
5,22,167.44024552
5,22,106.3626983
5,22,144.01640931
5,22,1377.77928869
5,22,4.92706519
5,22,595.67673583
5,22,788.01879323
5,22,416.62011935
5,22,566.08908666
5,22,303.20560027
5,22,641.57498368
5,22,753.67762579
