3,13,752.18661469
3,13,1985.41304927
3,13,988.81623008
3,13,94.43512922
3,13,1503.21556798
3,13,1013.58396792
3,13,1445.80621397
3,13,1728.01782977
3,13,857.36214682
3,13,1088.61393075
3,13,554.14725326
3,13,387.71315683
3,13,1178.60561284
3,13,2155.06822624
3,13,1483.41858068
3,13,664.03167905
3,13,942.37235209
3,13,1673.53250693
3,13,1269.49999811
3,13,1658.10458328
3,13,1043.89439876
3,13,1084.09424398
3,13,1879.74797394
3,13,1016.9091864
3,13,1357.50328379
3,13,2151.47419271
3,13,1873.45773719
3,13,223.89051578
3,13,1268.77608757
3,13,1669.12471381
