5,20,4303.39868576
5,20,47348.06528199
5,20,3349.14462771
5,20,11943.4654175
5,20,64160.03017386
5,20,32164.68406945
5,20,23519.01010706
5,20,52620.88532322
5,20,146699.00823408
5,20,26019.60692212
5,20,70278.60107498
5,20,102693.35581114
5,20,47109.59291089
5,20,77207.25380283
5,20,21433.5347768
5,20,6862.62283038
5,20,15531.7011241
5,20,87870.50793738
5,20,19972.36455221
5,20,125642.63064015
5,20,155837.15000006
5,20,122637.48916893
5,20,15451.70965011
5,20,64897.4445794
5,20,26397.93304226
5,20,77571.88720995
5,20,84357.94697584
5,20,87858.67854214
5,20,44344.37130844
5,20,23228.09773005
5,20,48338.38438945
5,20,116068.81076217
5,20,50085.54119281
5,20,40133.58539482
5,20,4739.9747331
5,20,51991.2528936
5,20,107631.87303045
5,20,82202.39556687
5,20,61295.80888724
5,20,76363.0027362
5,20,37315.60956146
5,20,68786.74173576
5,20,90613.85078783
5,20,101757.00370312
5,20,50609.77159432
5,20,84817.26957023
5,20,79531.83122361
5,20,18512.54393107
5,20,49183.58387257
5,20,60583.18090453
