5,9,181390.85813395
5,9,20246.356874
5,9,26847.71780566
5,9,30325.12772001
5,9,3006.46652119
5,9,142842.7288598
5,9,60629.40377197
5,9,24895.20993292
5,9,58012.01457047
5,9,71562.3444095
5,9,9806.38710988
5,9,32130.80181331
5,9,19809.32722031
5,9,48489.72926231
5,9,56167.67620392
5,9,34472.57995221
5,9,11165.13191328
5,9,20839.8405995
5,9,86577.29847358
5,9,21066.81964619
5,9,93111.83099218
5,9,51635.10966861
5,9,47139.95359049
5,9,54903.95996475
5,9,28814.51534833
5,9,47820.57524656
5,9,147525.48436183
5,9,32627.96965495
5,9,108665.10498853
5,9,3667.77473813
5,9,37034.53245164
5,9,29718.57696129
5,9,45140.68888114
5,9,12364.20271363
5,9,2242.92735841
5,9,46255.00910826
5,9,5090.22387762
5,9,26287.00532412
5,9,8675.78663857
5,9,69721.94037473
5,9,59306.44389452
5,9,289634.65965191
5,9,20902.87440797
5,9,24835.01675753
5,9,14.27240191
5,9,1465.418349
5,9,59524.03408691
5,9,37198.3384485
5,9,9368.81862033
5,9,95562.20855589
