3,24,125.51502411
3,24,85.81424812
3,24,51.09379952
3,24,77.01467433
3,24,261.463903
3,24,135.13493794
3,24,93.11610932
3,24,206.71295877
3,24,282.70821767
3,24,154.21225696
3,24,228.8230144
3,24,180.64245815
3,24,137.60133789
3,24,142.35290382
3,24,142.61087973
3,24,178.10500011
3,24,98.39019549
3,24,57.84262546
3,24,23.2580507
3,24,220.44866762
3,24,135.54647891
3,24,79.65601751
3,24,160.15110129
3,24,143.96952402
3,24,243.54054664
3,24,202.85132971
3,24,237.98323177
3,24,66.04600578
3,24,285.51722602
3,24,118.52535828
