3,24,5.48616471
3,24,101.11888203
3,24,32.43031944
3,24,31.33304752
3,24,85.80092247
3,24,186.79311856
3,24,48.61711519
3,24,207.13908283
3,24,38.75114185
3,24,0.20097341
3,24,82.74670654
3,24,32.22137022
3,24,144.18331227
3,24,117.05998076
3,24,142.49507162
3,24,149.0107087
3,24,124.57112295
3,24,55.3066418
3,24,11.26951462
3,24,72.03382849
3,24,37.07035867
3,24,52.02755089
3,24,83.10751598
3,24,120.77281789
3,24,88.47792427
3,24,208.70657012
3,24,151.40156236
3,24,2.17748798
3,24,33.88838426
3,24,75.7264615
