3,5,340.74031077
3,5,257.31022262
3,5,214.40063189
3,5,287.76480929
3,5,319.31526395
3,5,273.15744385
3,5,262.71669858
3,5,314.67764563
3,5,329.67700969
3,5,237.76390744
3,5,339.41571602
3,5,253.62465971
3,5,266.21626713
3,5,248.31337213
3,5,274.25523277
3,5,289.13853779
3,5,253.9402656
3,5,281.85297586
3,5,253.36349677
3,5,295.17047994
3,5,325.69407811
3,5,264.45919053
3,5,264.13540825
3,5,228.0972288
3,5,310.1400238
3,5,294.73272935
3,5,248.80626542
3,5,348.11423446
3,5,256.54022967
3,5,257.76356237
