5,19,611.40103954
5,19,547.20501332
5,19,537.50134617
5,19,533.20695634
5,19,533.28436563
5,19,571.3242733
5,19,518.94000887
5,19,619.47889892
5,19,574.6334631
5,19,610.66529655
5,19,544.63648566
5,19,630.79002471
5,19,572.462117
5,19,559.31064766
5,19,546.65713712
5,19,603.36863439
5,19,633.03009679
5,19,563.98963297
5,19,554.26942295
5,19,564.41263879
5,19,547.50187999
5,19,586.41593773
5,19,550.22888574
5,19,646.17852292
5,19,563.23441265
5,19,574.137766
5,19,539.10651226
5,19,573.76341945
5,19,578.72214746
5,19,593.70076461
5,19,576.7894839
5,19,588.27150486
5,19,577.91024526
5,19,517.74889432
5,19,533.53800483
5,19,533.39561346
5,19,567.77277639
5,19,745.4379933
5,19,562.72485794
5,19,552.9049865
5,19,520.49640289
5,19,583.37459886
5,19,527.76074088
5,19,534.26379786
5,19,790.43806308
5,19,608.4156848
5,19,573.62270518
5,19,526.48167555
5,19,657.60220705
5,19,538.89711231
