5,12, 1.98517209e+08
5,12,7608844.21854906
5,12, 1.49809192e+08
5,12, 1.40848420e+08
5,12,13014779.92572385
5,12, 1.70503781e+08
5,12, 2.43584037e+08
5,12,13728127.90729891
5,12, 2.13476618e+08
5,12, 2.05280505e+08
5,12, 3.97173128e+08
5,12, 1.19086285e+08
5,12, 1.73180416e+08
5,12, 3.09665396e+08
5,12, 5.63733369e+08
5,12, 1.06357051e+08
5,12, 1.74340515e+08
5,12,34677874.43044402
5,12, 1.75512708e+08
5,12,63645554.41728492
5,12,14761094.56631371
5,12,83946830.80794269
5,12,42347888.5833489
5,12, 1.97904544e+08
5,12, 1.66146133e+08
5,12,74886760.54181308
5,12, 1.63196890e+08
5,12, 2.28764729e+08
5,12, 6.10805613e+08
5,12, 6.85083895e+08
5,12,92735556.29363181
5,12,39166142.3485854
5,12, 5.27018562e+08
5,12, 1.84631624e+08
5,12,119767.41932487
5,12,47762417.24712199
5,12,79858321.80677553
5,12, 8.00614794e+08
5,12,81489062.62235837
5,12,19528418.45828347
5,12, 3.45170456e+08
5,12, 2.35173404e+08
5,12, 1.80251420e+08
5,12, 1.82518673e+08
5,12, 3.80820642e+08
5,12,61806086.88874227
5,12,46555219.25979422
5,12, 3.71303139e+08
5,12, 4.67576085e+08
5,12, 2.35853065e+08
