3,17,105.36056348
3,17,65.79232479
3,17,6.85517694
3,17,25.00398342
3,17,95.43076394
3,17,39.7102876
3,17,32.66424079
3,17,19.77516254
3,17,11.81144199
3,17,22.59807095
3,17,207.75444199
3,17,149.22710074
3,17,28.9191251
3,17,47.80254764
3,17,7.69975117
3,17,48.32861278
3,17,9.85581743
3,17,66.10131875
3,17,52.03837954
3,17,16.37995991
3,17,35.54405536
3,17,12.21206326
3,17,78.71539483
3,17,94.59173857
3,17,144.45056348
3,17,36.44725065
3,17,51.29361044
3,17,25.37135764
3,17,218.4493363
3,17,61.84485111
