3,13,296.06212154
3,13,714.20252416
3,13,591.68434899
3,13,625.95235864
3,13,386.51974718
3,13,1422.64092873
3,13,916.74769581
3,13,465.22617319
3,13,733.3933411
3,13,476.7870824
3,13,124.84071762
3,13,707.5756277
3,13,1644.13820503
3,13,39.85910289
3,13,343.74115267
3,13,475.41186856
3,13,1115.42724143
3,13,21.31763669
3,13,953.68610279
3,13,1300.01614185
3,13,602.55386337
3,13,1732.69037205
3,13,457.94216416
3,13,1410.69999405
3,13,457.97185805
3,13,527.85867307
3,13,794.59260758
3,13,774.43724781
3,13,605.5039969
3,13,1215.13540473
