3,18,233.97708595
3,18,71.91001203
3,18,133.3546352
3,18,30.98433876
3,18,626.79562309
3,18,83.93120798
3,18,0.08680236
3,18,732.22984548
3,18,745.40292723
3,18,233.21753777
3,18,655.70583129
3,18,245.58347814
3,18,160.25269917
3,18,240.78563297
3,18,457.52416892
3,18,559.24434673
3,18,57.2757215
3,18,333.68015004
3,18,525.46333969
3,18,63.44754384
3,18,2843.96814456
3,18,558.16356522
3,18,107.25775087
3,18,749.46420851
3,18,241.58769347
3,18,197.36774563
3,18,308.70064282
3,18,606.32292063
3,18,86.74453585
3,18,585.90578361
