3,11,5207853.33204514
3,11,17769844.25597988
3,11,2047481.41775662
3,11,1849601.94115323
3,11,1028832.24452526
3,11,3452679.41493432
3,11,6682090.23768444
3,11,21725301.97247769
3,11,533573.25761241
3,11,1917092.06915465
3,11,16862573.63918759
3,11,11473696.56227794
3,11,2678682.96445254
3,11,2283947.8626313
3,11,25191827.96852548
3,11,6523866.61114383
3,11,6998084.55387909
3,11,182326.74287796
3,11,6039816.47217577
3,11,2084082.83644629
3,11,1602227.69607569
3,11,6283081.83035568
3,11,8949912.42136392
3,11,797406.6257467
3,11,7892272.92151274
3,11,21001234.96219093
3,11,2861137.3111911
3,11,4151654.21318355
3,11,2423924.90148991
3,11,12809245.6195147
