3,10,4533820.38105143
3,10,18162602.91304969
3,10,25015775.23655212
3,10,7309244.20454475
3,10,12627240.48919638
3,10,332779.95469177
3,10,3221995.55367462
3,10,3709078.49242552
3,10,55255557.51379249
3,10,18306294.70405428
3,10,710845.72493424
3,10,12221929.67866731
3,10,15409885.59169424
3,10,2556092.69678438
3,10,505849.4396928
3,10,23151952.17590967
3,10,9967994.3478312
3,10,2311202.91216283
3,10,1116131.70978452
3,10,3496530.3789037
3,10,29884695.25558272
3,10,1595752.39767531
3,10,114124.54783741
3,10,9923731.25282959
3,10,16704403.01642026
3,10,32075195.14891541
3,10,694135.94532076
3,10,4204044.7160941
3,10,11482933.71883594
3,10,1319886.47909641
