5,5,42.0943609
5,5,158.08238822
5,5,123.84384119
5,5,297.76694715
5,5,227.78540809
5,5,188.3033261
5,5,67.06770976
5,5,79.38832534
5,5,241.20261339
5,5,125.31643629
5,5,195.78987173
5,5,125.75249166
5,5,267.75771193
5,5,16.94452759
5,5,106.88786644
5,5,126.59055831
5,5,23.06812764
5,5,115.88929132
5,5,173.41669338
5,5,81.50272229
5,5,77.03722486
5,5,121.92784361
5,5,139.28245231
5,5,221.86402906
5,5,22.13291204
5,5,112.76366216
5,5,145.25806452
5,5,173.81373436
5,5,155.2298641
5,5,179.00406329
5,5,116.73679403
5,5,127.95100177
5,5,115.15311209
5,5,128.14480992
5,5,153.0029125
5,5,140.38223541
5,5,185.39596742
5,5,142.1801315
5,5,106.48097064
5,5,149.62199679
5,5,109.08416007
5,5,93.6691131
5,5,135.52391164
5,5,126.46238128
5,5,2.17594966
5,5,40.92033421
5,5,39.72985758
5,5,192.07400527
5,5,139.13348158
5,5,99.14433143
