3,16,140.16578906
3,16,146.95526673
3,16,50.77090041
3,16,80.42806341
3,16,78.0982934
3,16,84.87823546
3,16,15.69304282
3,16,37.71318114
3,16,202.42482524
3,16,191.79544976
3,16,34.79773472
3,16,153.48846291
3,16,190.06659548
3,16,107.16824416
3,16,90.1114634
3,16,105.67223976
3,16,198.59103126
3,16,82.4466481
3,16,19.57953942
3,16,126.77115334
3,16,175.66011164
3,16,112.45308189
3,16,5.13112603
3,16,70.67546335
3,16,163.61554736
3,16,111.93127646
3,16,341.46189638
3,16,62.44459484
3,16,134.77225857
3,16,42.87306094
