3,12, 1.01130943e+08
3,12,40836103.09679998
3,12, 1.19962724e+10
3,12, 3.21963646e+09
3,12, 3.48360960e+08
3,12,64617598.85674236
3,12, 5.53415551e+08
3,12, 3.61738873e+08
3,12, 1.13430722e+08
3,12, 2.77439634e+08
3,12, 7.27156251e+08
3,12,45276748.32044736
3,12, 1.78759498e+08
3,12, 1.43689715e+09
3,12, 1.02652127e+09
3,12,9698975.58971778
3,12, 3.96819069e+08
3,12,81214460.226124
3,12,77365387.58236921
3,12,90623125.64399894
3,12, 7.08384233e+08
3,12, 1.23524739e+08
3,12, 2.88431716e+09
3,12,74416945.16789989
3,12,24079588.1602301
3,12, 2.02245353e+09
3,12,70322930.53069672
3,12, 3.77892627e+08
3,12, 6.30944279e+08
3,12, 5.73427836e+08
