5,21,3.45487097
5,21,1.98309103
5,21,28.71802912
5,21,114.68319969
5,21,36.82299495
5,21,7.88464633
5,21,21.25056265
5,21,10.90387587
5,21,13.14430684
5,21,35.38193662
5,21,2.14088522
5,21,106.17705767
5,21,11.88577889
5,21,13.08774655
5,21,108.14988416
5,21,73.67381069
5,21,24.29579598
5,21,22.94646594
5,21,20.14052487
5,21,101.34098312
5,21,23.09171734
5,21,87.84015321
5,21,10.97730036
5,21,127.72585599
5,21,10.92762558
5,21,2.03655449
5,21,10.97453685
5,21,77.82633495
5,21,49.29582623
5,21,75.01062509
5,21,42.64654736
5,21,36.91352601
5,21,19.67090039
5,21,89.21000208
5,21,130.71843698
5,21,123.33054347
5,21,34.81988373
5,21,30.25037698
5,21,0.41389223
5,21,64.38483764
5,21,11.63745289
5,21,89.12603686
5,21,177.31374175
5,21,7.79319339
5,21,48.19309487
5,21,43.78815669
5,21,110.6279166
5,21,3.29115524
5,21,31.65435536
5,21,80.24601011
