5,20,10088.4800354
5,20,5841.59188892
5,20,14718.82048175
5,20,82809.86389009
5,20,9513.84741778
5,20,29901.13414202
5,20,9194.76200501
5,20,39443.23746419
5,20,103574.68867177
5,20,34530.49185731
5,20,78530.34592208
5,20,20060.96940215
5,20,62037.68667457
5,20,13531.02577999
5,20,9785.41171923
5,20,15479.44467594
5,20,6324.15284741
5,20,81586.77832111
5,20,11137.29634614
5,20,35014.70882431
5,20,55137.98142674
5,20,11785.31429568
5,20,5086.46408302
5,20,34434.50296551
5,20,127025.15777051
5,20,7956.32832121
5,20,29997.56714931
5,20,20669.47441421
5,20,6525.0504342
5,20,24106.1471837
5,20,63251.52302617
5,20,137035.80172874
5,20,43681.75113366
5,20,16881.53484703
5,20,38870.89627064
5,20,27655.63890906
5,20,43947.84816993
5,20,3516.66148473
5,20,49386.88852644
5,20,26509.73569103
5,20,2097.8634603
5,20,9610.06538204
5,20,5917.24550981
5,20,25363.1145791
5,20,141901.5218068
5,20,42978.48311097
5,20,11826.83225455
5,20,27062.30609044
5,20,1426.49796546
5,20,999.26121171
