3,7,74.99645203
3,7,398.67074109
3,7,259.81145911
3,7,387.52716316
3,7,478.61934901
3,7,24.03379461
3,7,482.96545939
3,7,400.26537591
3,7,327.15546073
3,7,217.84850358
3,7,2816.14751188
3,7,285.2993762
3,7,503.17151916
3,7,425.46929889
3,7,404.03108359
3,7,343.41627973
3,7,335.17362256
3,7,404.43015541
3,7,389.75352007
3,7,328.57552298
3,7,214.64307396
3,7,358.1466604
3,7,0.63244663
3,7,396.2644343
3,7,11.44767934
3,7,341.37849595
3,7,283.19331931
3,7,399.03598512
3,7,386.00467381
3,7,142.93920143
