5,18,964.04519546
5,18,990.88881344
5,18,1035.81734458
5,18,844.58785744
5,18,952.67176761
5,18,1016.62979965
5,18,983.57526015
5,18,1204.7966233
5,18,1012.76592357
5,18,1135.84442984
5,18,824.58083143
5,18,1187.83900421
5,18,1121.94921461
5,18,1100.9207092
5,18,981.46327885
5,18,1089.56308963
5,18,1047.77480035
5,18,1039.51177444
5,18,1028.26029104
5,18,1014.61870589
5,18,1056.79736133
5,18,905.51035402
5,18,983.35876858
5,18,1091.38074928
5,18,1022.78868851
5,18,993.76875119
5,18,1098.57568556
5,18,1004.51526971
5,18,962.32886941
5,18,892.7368117
5,18,1039.19052808
5,18,987.75990408
5,18,982.10893699
5,18,1023.15059614
5,18,976.55630961
5,18,973.3241599
5,18,1066.3932023
5,18,844.15567182
5,18,950.87018005
5,18,1125.97266957
5,18,948.11520753
5,18,1256.39378113
5,18,961.30016125
5,18,1193.40424455
5,18,1058.55148221
5,18,1024.357752
5,18,879.01674947
5,18,967.94405896
5,18,1181.96472139
5,18,959.48859915
