3,15,896.43332706
3,15,160.46040259
3,15,105.8586386
3,15,372.87300402
3,15,796.5366117
3,15,647.83027606
3,15,1294.21012385
3,15,1002.09158624
3,15,138.76394777
3,15,966.82099592
3,15,1742.62639966
3,15,589.71681583
3,15,333.30915462
3,15,235.22204788
3,15,250.80003654
3,15,46.65045468
3,15,729.11803237
3,15,68.80241139
3,15,309.58028963
3,15,859.04160196
3,15,337.83824711
3,15,321.6530875
3,15,975.73328633
3,15,1.44715726
3,15,100.04438453
3,15,209.50982842
3,15,1819.39460795
3,15,503.93422559
3,15,592.58275362
3,15,193.94061475
