3,16,534.82387446
3,16,365.14398511
3,16,316.94774441
3,16,337.67729082
3,16,344.01921107
3,16,318.59998905
3,16,383.57704781
3,16,410.34319362
3,16,684.01446649
3,16,365.8313352
3,16,323.01067916
3,16,447.9027809
3,16,400.62401124
3,16,439.02233014
3,16,407.02547212
3,16,471.09078188
3,16,470.00589709
3,16,592.00016873
3,16,387.40551367
3,16,389.34975481
3,16,231.1441518
3,16,252.24640495
3,16,339.07758152
3,16,407.37061671
3,16,326.30547158
3,16,293.03552968
3,16,395.13490892
3,16,327.64520134
3,16,301.57806464
3,16,433.15387626
