3,11,6323598.48061811
3,11,21194386.88743632
3,11,33326894.80166259
3,11,16866259.26958373
3,11,2027704.34704421
3,11,1782507.68329775
3,11,27547532.83947095
3,11,3302417.16213661
3,11,39385968.32940526
3,11,2509032.42233771
3,11,14658640.50049357
3,11,13077689.89849467
3,11,9342382.37421493
3,11,26629930.36265251
3,11,908396.01525491
3,11,6277194.86879511
3,11,4417791.14090308
3,11,66140188.21892733
3,11,25476556.91910357
3,11,34642630.50107221
3,11,30404497.98454668
3,11,19384277.14813428
3,11,37189688.65004729
3,11,1373587.70095915
3,11,52093668.94193156
3,11,31765893.73608985
3,11,7929875.26126307
3,11,2769034.17242663
3,11,6571240.3206458
3,11,5934862.41012419
