3,3,444.16250727
3,3,491.36956661
3,3,1697.36668956
3,3,965.60252061
3,3,571.49709411
3,3,800.66869259
3,3,1038.62083909
3,3,714.79679563
3,3,468.95453965
3,3,555.86351665
3,3,643.54604082
3,3,541.95983282
3,3,1431.69186903
3,3,767.76328627
3,3,1549.15152612
3,3,1548.36394507
3,3,609.19133923
3,3,1013.18635816
3,3,451.83646779
3,3,749.10824341
3,3,3001.08431471
3,3,552.69679686
3,3,2283.98773982
3,3,791.69170034
3,3,456.94170985
3,3,493.00314627
3,3,561.54787879
3,3,2628.57880812
3,3,587.56050381
3,3,1341.3863739
