5,20,9370.71173812
5,20,18354.66671289
5,20,24112.61354636
5,20,134407.0871243
5,20,95501.17866351
5,20,6732.30480888
5,20,40505.29704389
5,20,23626.78260183
5,20,17450.49861858
5,20,24332.28866384
5,20,45418.11006892
5,20,52023.29482544
5,20,5853.91498432
5,20,74628.67005125
5,20,332.32902035
5,20,2555.85950851
5,20,97987.17047141
5,20,28311.42501571
5,20,73408.19954581
5,20,30089.18366985
5,20,67501.87299188
5,20,115019.2781567
5,20,54064.47493812
5,20,17892.41466747
5,20,10675.39756051
5,20,5886.42466806
5,20,15694.39404635
5,20,3621.82600361
5,20,69015.94252167
5,20,41037.55916723
5,20,100953.96714957
5,20,6815.73715921
5,20,16681.5231654
5,20,36845.56158018
5,20,21745.68119736
5,20,105927.62617361
5,20,52806.39433833
5,20,21535.37069952
5,20,5872.07545375
5,20,41198.93684904
5,20,110500.03164179
5,20,18081.13347964
5,20,55825.29281434
5,20,4353.65117407
5,20,26754.54900456
5,20,88828.71185574
5,20,14627.96995676
5,20,60800.0506275
5,20,5992.90506264
5,20,27551.40453831
