3,10,76832979.84204777
3,10,8421998.29459196
3,10,4383993.21951644
3,10,6564583.48211585
3,10,25534992.23482446
3,10,65735025.62188229
3,10,838682.30592015
3,10,2890337.90411146
3,10,1107955.75641731
3,10,16102409.14604521
3,10,88733434.517249
3,10,19909093.31614586
3,10,63455.28782645
3,10,14431216.4268987
3,10,2985560.67285796
3,10,6764498.16709188
3,10,17084595.06470596
3,10,11604794.25631664
3,10,14700683.97372704
3,10,368203.56457662
3,10,54934961.09664206
3,10,6958751.31030959
3,10,34914375.27861627
3,10,4983374.69992136
3,10,14963410.07201574
3,10,76641075.81847508
3,10,23995131.76765689
3,10,14847257.02084187
3,10,15233787.65033837
3,10,12276916.87842146
