3,17,47.02072633
3,17,7.78324494
3,17,33.81604634
3,17,43.82808262
3,17,37.42933615
3,17,17.72468952
3,17,59.40789364
3,17,4.61787561
3,17,20.2895267
3,17,35.52690624
3,17,20.7972941
3,17,47.07847573
3,17,14.69663296
3,17,3.66351196
3,17,88.11876638
3,17,200.95482153
3,17,5.03397848
3,17,61.98085309
3,17,14.34146224
3,17,339.0059403
3,17,44.54483102
3,17,141.27850752
3,17,82.78687704
3,17,26.84662315
3,17,17.98208238
3,17,97.90510034
3,17,32.15561477
3,17,152.53965257
3,17,21.16687711
3,17,55.70342036
