3,17,298.73382837
3,17,281.6450968
3,17,1253.57348999
3,17,247.4663923
3,17,247.71342071
3,17,23.99985279
3,17,200.68338765
3,17,208.1001193
3,17,107.62905397
3,17,222.94046072
3,17,266.80843153
3,17,280.11207846
3,17,229.43232704
3,17,64.13838157
3,17,84.01748883
3,17,903.34079375
3,17,14.65226157
3,17,55.99424582
3,17,116.23651054
3,17,192.10059173
3,17,11.50620589
3,17,68.05074373
3,17,264.19697161
3,17,226.63503855
3,17,222.2401919
3,17,243.7206486
3,17,212.16279353
3,17,211.93208734
3,17,42.42226315
3,17,248.03087453
