5,15,540.33423219
5,15,857.72510147
5,15,295.53992645
5,15,108.87281111
5,15,139.09771871
5,15,1390.33306705
5,15,409.24391095
5,15,115.94094324
5,15,350.95392029
5,15,1324.97501995
5,15,602.50665484
5,15,1836.50771048
5,15,193.60412637
5,15,2375.17184577
5,15,976.34135494
5,15,192.16399766
5,15,1315.47847371
5,15,1392.62789468
5,15,842.98313212
5,15,15.79558608
5,15,1409.87950768
5,15,1785.94142587
5,15,1024.07335666
5,15,614.87830968
5,15,48.84589653
5,15,100.74776561
5,15,2234.7780046
5,15,67.09417675
5,15,1107.32510406
5,15,461.38055637
5,15,364.15528145
5,15,486.26724583
5,15,1387.84740053
5,15,2770.62609649
5,15,74.92260761
5,15,835.22669559
5,15,827.81003881
5,15,324.23707218
5,15,1065.66035652
5,15,451.95850547
5,15,2300.53511972
5,15,534.63830086
5,15,385.45544798
5,15,1820.35522842
5,15,93.72872606
5,15,1458.76484347
5,15,216.50895846
5,15,105.64210858
5,15,1360.39228476
5,15,1059.27547417
