3,5,987.59605906
3,5,1034.15614256
3,5,1005.2652796
3,5,966.68568958
3,5,950.06433203
3,5,967.87893683
3,5,927.26746728
3,5,970.81001716
3,5,945.42010271
3,5,987.15566807
3,5,967.31684061
3,5,944.90143971
3,5,938.42329005
3,5,979.57434121
3,5,956.88935345
3,5,982.88706856
3,5,949.86166483
3,5,951.52994837
3,5,1007.54045879
3,5,980.02030005
3,5,942.33049495
3,5,951.4590809
3,5,968.38249507
3,5,1043.1001451
3,5,945.17195888
3,5,1078.31038506
3,5,979.92502571
3,5,1006.55512154
3,5,945.26357784
3,5,1057.40111846
