3,24,68.15597958
3,24,41.27001384
3,24,24.37623019
3,24,73.98093442
3,24,114.0080454
3,24,127.4224315
3,24,206.64536632
3,24,16.14953956
3,24,228.11685782
3,24,58.85236901
3,24,66.30924581
3,24,42.54688906
3,24,10.72209496
3,24,235.40148162
3,24,84.24963591
3,24,62.90509786
3,24,131.61565301
3,24,101.21342658
3,24,50.71300538
3,24,53.42558472
3,24,18.81863542
3,24,39.66714804
3,24,61.86981392
3,24,66.69422034
3,24,51.15890371
3,24,88.03473923
3,24,43.71090502
3,24,14.17272379
3,24,32.38472329
3,24,91.30922462
