3,4,1915.64824997
3,4,559.12058745
3,4,324.39280613
3,4,181.22518549
3,4,58.10719841
3,4,209.46924022
3,4,1362.36126879
3,4,1121.5098418
3,4,9769.68692584
3,4,388.7842658
3,4,304.38938948
3,4,636.37393468
3,4,490.10093066
3,4,938.53613454
3,4,343.47374819
3,4,305.84132356
3,4,204.00489716
3,4,297.42885587
3,4,251.45798856
3,4,1991.28408048
3,4,6153.25759591
3,4,1082.60932247
3,4,322.21160463
3,4,521.4344544
3,4,5810.24555913
3,4,208.55489497
3,4,299.83942906
3,4,431.75139531
3,4,493.09753299
3,4,2703.88742413
