5,6,96396.15367627
5,6,291763.48252251
5,6,40890.49570937
5,6,60788.911638
5,6,733.40747816
5,6,228564.69259028
5,6,155267.89552125
5,6,261745.58120315
5,6,274065.57646047
5,6,308269.76744061
5,6,561136.70618704
5,6,38262.31470303
5,6,468804.3077234
5,6,149343.69673136
5,6,626028.91538218
5,6,67594.5253238
5,6,299006.88335895
5,6,149947.94116274
5,6,607342.42664309
5,6,314320.51685447
5,6,115988.49187899
5,6,48069.80339727
5,6,70834.20040596
5,6,58307.27244056
5,6,360788.50354768
5,6,98084.99012984
5,6,46038.21908205
5,6,280686.95722076
5,6,779699.96508853
5,6,32164.01891202
5,6,56518.13663991
5,6,42986.14526766
5,6,281777.86464676
5,6,232187.18263283
5,6,33511.02341449
5,6,555915.82370069
5,6,56551.28634604
5,6,153071.88360394
5,6,30081.96731194
5,6,37552.95379211
5,6,482191.46366402
5,6,366184.5678219
5,6,61384.0388646
5,6,107458.34271829
5,6,458166.41697186
5,6,114913.03697886
5,6,536740.95818938
5,6,100817.22145809
5,6,321728.46011441
5,6,114685.79537361
