5,15,872.57808372
5,15,648.96235587
5,15,1535.61103109
5,15,748.88093876
5,15,1966.9467506
5,15,539.63876001
5,15,759.38358435
5,15,611.81228177
5,15,2634.68344102
5,15,1180.68911463
5,15,2374.17360539
5,15,2235.50934842
5,15,1752.16699263
5,15,112.88904052
5,15,1507.77624528
5,15,481.97686326
5,15,921.22818383
5,15,272.21107948
5,15,377.98571741
5,15,434.99774955
5,15,862.55188929
5,15,1963.88468535
5,15,998.39904205
5,15,111.27645168
5,15,535.6965158
5,15,619.70249527
5,15,875.95128971
5,15,99.52915196
5,15,182.067566
5,15,1748.7486904
5,15,1557.47563192
5,15,113.06854721
5,15,1023.0044216
5,15,804.32591539
5,15,171.58988003
5,15,2227.64612224
5,15,411.33530817
5,15,187.35504599
5,15,397.66001763
5,15,56.43396106
5,15,169.63702061
5,15,771.9092013
5,15,587.35719768
5,15,391.09396855
5,15,1103.82154855
5,15,500.6234998
5,15,229.74743747
5,15,1015.18685218
5,15,376.80877232
5,15,606.30379511
