3,3,1032.88902237
3,3,315.79562976
3,3,201.18323349
3,3,506.64593238
3,3,1001.79099302
3,3,270.62668198
3,3,378.71014493
3,3,294.70641699
3,3,232.0030493
3,3,377.01927701
3,3,83.26540914
3,3,262.34445151
3,3,1189.52199584
3,3,366.64776371
3,3,172.53627964
3,3,985.28403478
3,3,1334.10804331
3,3,480.14354557
3,3,282.93770439
3,3,435.69557522
3,3,130.45284372
3,3,1090.78276295
3,3,246.71274118
3,3,713.83481042
3,3,574.67011712
3,3,1287.57898664
3,3,502.3978467
3,3,1216.24303137
3,3,188.45767401
3,3,876.59741437
