5,17,167.76519852
5,17,171.9379739
5,17,106.2244214
5,17,181.07852741
5,17,151.29090466
5,17,135.75021354
5,17,110.5948983
5,17,182.172082
5,17,159.56502272
5,17,145.49308425
5,17,137.45090096
5,17,163.555655
5,17,189.30677211
5,17,157.51782458
5,17,137.76397413
5,17,150.23715604
5,17,171.21091824
5,17,146.78259557
5,17,173.03402173
5,17,166.25782919
5,17,135.5447696
5,17,128.67853662
5,17,113.22979413
5,17,189.31894502
5,17,155.35546088
5,17,153.85070222
5,17,162.64985841
5,17,168.12221512
5,17,161.76070534
5,17,238.40548392
5,17,180.85452367
5,17,149.50817848
5,17,138.78537614
5,17,174.0124584
5,17,137.60336666
5,17,156.59022014
5,17,166.43989227
5,17,175.84529982
5,17,148.01597473
5,17,140.82338294
5,17,145.15996628
5,17,167.64235361
5,17,148.74846001
5,17,165.71480726
5,17,158.74983961
5,17,148.62424328
5,17,162.36812741
5,17,144.02855066
5,17,170.10460999
5,17,141.95982643
