5,22,520.92622633
5,22,1335.6301079
5,22,762.62262229
5,22,2544.02984528
5,22,608.58875152
5,22,386.9793092
5,22,718.64523361
5,22,1305.78581111
5,22,415.46194917
5,22,406.60628782
5,22,593.17575218
5,22,699.09914033
5,22,363.22836608
5,22,550.70878394
5,22,1137.49183582
5,22,1084.1169705
5,22,1873.79287094
5,22,942.75990234
5,22,1498.97386755
5,22,910.08378389
5,22,775.84324804
5,22,856.32070085
5,22,596.38499579
5,22,534.58816531
5,22,626.14593751
5,22,1864.04760114
5,22,641.35636194
5,22,1396.03469478
5,22,787.58784573
5,22,1449.88578185
5,22,2361.15144761
5,22,768.65949509
5,22,1587.9742065
5,22,1541.21642443
5,22,428.34213207
5,22,638.50872692
5,22,482.4067127
5,22,1297.0023394
5,22,640.25658104
5,22,1503.21760255
5,22,1980.03799685
5,22,1352.40947684
5,22,2440.34748773
5,22,1246.0233008
5,22,628.64414029
5,22,1063.72660981
5,22,389.74133944
5,22,558.53213004
5,22,859.67247774
5,22,437.20778582
