3,2,4618219.30664866
3,2,39198746.82677867
3,2,2932490.45669903
3,2,6024871.89776206
3,2,47178756.00991185
3,2,9724386.66056376
3,2,5335135.10871255
3,2,29679022.63903582
3,2,2519301.6340179
3,2,17964643.88416214
3,2,4025750.54287103
3,2,17817175.30501386
3,2,42483303.92127832
3,2,6901973.96407747
3,2,10082986.84163661
3,2,728081.68463153
3,2,5642828.14686882
3,2,541279.25868426
3,2,7009929.96835418
3,2,19754308.69252714
3,2,4135130.21435538
3,2,31187596.47866217
3,2,4704442.90315696
3,2,18606489.80677349
3,2,1114847.76113593
3,2,4759589.99211463
3,2,7908200.6697856
3,2,6252946.07364314
3,2,18663976.59800539
3,2,1023298.35399237
