3,2,23287884.70145426
3,2,318233.58113173
3,2,12042549.27658106
3,2,7293513.12006753
3,2,7356155.09584712
3,2,3963061.01771173
3,2,423122.90094477
3,2,1202956.5971619
3,2,551935.01751588
3,2,65721.51257494
3,2,21537655.52632506
3,2,38189570.40638768
3,2,2033233.42263325
3,2,274548.60613779
3,2,20418987.4283325
3,2,5889668.23361016
3,2,9501733.01377027
3,2,5057298.21167222
3,2,7017226.42941552
3,2,13869803.45603052
3,2,50500373.35167227
3,2,22908409.46445723
3,2,285687.50883216
3,2,1959060.68290883
3,2,23426972.2252186
3,2,7846663.84751386
3,2,7645074.97843534
3,2,6166833.22068343
3,2,2122314.19034878
3,2,1313972.13799736
