3,18,145.93550973
3,18,277.69750476
3,18,33.10758538
3,18,81.17230957
3,18,371.61148413
3,18,118.28052461
3,18,550.89488535
3,18,450.68428134
3,18,507.27364551
3,18,113.33172335
3,18,34.81856594
3,18,69.75809021
3,18,1090.42832025
3,18,248.12660274
3,18,411.31066626
3,18,402.99882138
3,18,84.91835944
3,18,192.91823284
3,18,914.23778588
3,18,216.66161031
3,18,139.01418573
3,18,25.1523642
3,18,521.56085027
3,18,180.02924237
3,18,195.59891338
3,18,168.58865965
3,18,385.7132488
3,18,323.71346323
3,18,144.63810074
3,18,208.09133267
