3,9,12132.42277209
3,9,5488.25800222
3,9,105118.56504992
3,9,28392.51073569
3,9,90780.66527372
3,9,6724.38068058
3,9,6133.65317009
3,9,34423.69421556
3,9,47811.29063746
3,9,4003.47329147
3,9,1448.4647609
3,9,52646.34874335
3,9,44706.33777378
3,9,33593.42819122
3,9,31439.76424967
3,9,53627.12542193
3,9,20499.90030009
3,9,125477.70205659
3,9,45916.58572509
3,9,16240.95786209
3,9,326.53536101
3,9,60152.50368153
3,9,30854.28176721
3,9,992.10950015
3,9,21895.9410557
3,9,9652.08838736
3,9,53107.90229695
3,9,13166.97651371
3,9,10452.25029102
3,9,7979.78175576
