3,16,93.36330918
3,16,4.96004746
3,16,35.51113858
3,16,211.39775303
3,16,98.11814288
3,16,48.58946372
3,16,86.75804062
3,16,87.53379594
3,16,50.48536637
3,16,38.79985495
3,16,226.89270518
3,16,32.72286658
3,16,202.69262182
3,16,75.07205936
3,16,49.250951
3,16,61.98872682
3,16,74.01886831
3,16,15.54096349
3,16,220.64000877
3,16,48.64561442
3,16,64.75666914
3,16,36.54746292
3,16,16.45608213
3,16,51.09242727
3,16,91.98606736
3,16,25.03735191
3,16,45.11764934
3,16,45.7437389
3,16,37.99324414
3,16,17.74885629
