3,8,2723.93437894
3,8,80783.86249814
3,8,8148.3688607
3,8,14309.62748801
3,8,227166.48276192
3,8,73820.36663615
3,8,20008.65175801
3,8,48247.4164504
3,8,25896.67106075
3,8,30563.78843927
3,8,19584.26172642
3,8,13059.29963253
3,8,5883.68139458
3,8,87466.34464372
3,8,18287.30968873
3,8,129662.09068519
3,8,87271.72359232
3,8,9178.5211025
3,8,3279.63898764
3,8,10460.49679455
3,8,109608.61011667
3,8,30223.49972545
3,8,14717.82049095
3,8,18290.06386756
3,8,183178.26427447
3,8,13491.6014807
3,8,119451.89705756
3,8,335247.88115846
3,8,50795.4148849
3,8,50249.39346565
