5,3,14.79962958
5,3,199.78978772
5,3,53.90067269
5,3,276.70603904
5,3,5797.51778206
5,3,316.06670555
5,3,886.93551254
5,3,129.99014117
5,3,1652.36966451
5,3,125.55664104
5,3,228.311771
5,3,1.0211226
5,3,1704.4230571
5,3,6429.55915573
5,3,84.02792919
5,3,18.49927453
5,3,32.79814622
5,3,16.81254364
5,3,279.05614388
5,3,378.50232248
5,3,4.6309712
5,3,533.02401702
5,3,5461.66817942
5,3,4542.62905167
5,3,1012.30660996
5,3,211.78453335
5,3,92.45264741
5,3,4.65989444
5,3,5579.53838712
5,3,90.66901927
5,3,25.4846782
5,3,13.13830928
5,3,196.35064085
5,3,330.11767613
5,3,21.39840797
5,3,754.33456254
5,3,602.13447096
5,3,204.75634859
5,3,6817.49905385
5,3,341.44863323
5,3,137.60870844
5,3,1003.22428247
5,3,275.9950953
5,3,5809.35154848
5,3,295.04053543
5,3,6109.22379768
5,3,4.69546239
5,3,377.44903439
5,3,674.54866873
5,3,428.65232969
