3,21,64.05470153
3,21,132.37045144
3,21,96.4923291
3,21,113.98491328
3,21,84.40180481
3,21,132.0390033
3,21,80.84670659
3,21,150.09737123
3,21,96.52072094
3,21,104.15009735
3,21,94.60094326
3,21,81.03182737
3,21,145.35930898
3,21,101.22346475
3,21,78.27866783
3,21,83.17844311
3,21,73.71286657
3,21,97.41955648
3,21,135.5512161
3,21,117.57673813
3,21,61.64245363
3,21,144.06348072
3,21,131.30395565
3,21,95.85003213
3,21,170.13914665
3,21,103.24722392
3,21,173.24039447
3,21,122.87789855
3,21,93.44976639
3,21,126.71066603
