3,24,338.69397519
3,24,56.45873766
3,24,122.46888616
3,24,77.43530361
3,24,41.17208041
3,24,10.09554078
3,24,110.45111363
3,24,22.99239116
3,24,17.66943491
3,24,26.03460567
3,24,172.07724996
3,24,9.01311798
3,24,57.44169156
3,24,71.39388941
3,24,37.8196671
3,24,98.29101072
3,24,1.68881158
3,24,106.50870775
3,24,65.2462541
3,24,31.99629468
3,24,32.31558818
3,24,37.71506203
3,24,33.93515972
3,24,0.55212027
3,24,125.57678889
3,24,76.16970709
3,24,128.19635776
3,24,70.85821269
3,24,29.60257319
3,24,116.13128019
