5,18,330.49742382
5,18,321.982769
5,18,340.83127407
5,18,159.88968956
5,18,352.19715722
5,18,626.62383605
5,18,541.92090618
5,18,300.10233894
5,18,742.77956084
5,18,337.22740323
5,18,456.59038587
5,18,423.2353998
5,18,114.4310801
5,18,401.59945087
5,18,242.27754182
5,18,433.52940751
5,18,492.33949591
5,18,246.79250896
5,18,20.97329148
5,18,406.00872742
5,18,301.23219405
5,18,242.23687312
5,18,159.51398412
5,18,440.28089564
5,18,363.94529006
5,18,716.03721526
5,18,233.69574904
5,18,290.32656242
5,18,166.315
5,18,228.70909465
5,18,265.68929662
5,18,113.88528039
5,18,93.96877104
5,18,266.81632157
5,18,335.47690083
5,18,225.2975699
5,18,269.234582
5,18,235.20966703
5,18,310.29890868
5,18,245.16396921
5,18,303.62541556
5,18,70.60779711
5,18,293.86249145
5,18,195.66997729
5,18,512.69751201
5,18,185.40656318
5,18,478.05695183
5,18,232.40192447
5,18,290.3731618
5,18,247.21183138
