3,21,49.37729333
3,21,2.29817211
3,21,5.21316274
3,21,15.29770375
3,21,28.22486406
3,21,1.05380867
3,21,55.04970298
3,21,34.39835131
3,21,20.64086957
3,21,51.80859954
3,21,41.52262877
3,21,86.57868535
3,21,31.28972654
3,21,58.57102181
3,21,35.40425443
3,21,50.7349906
3,21,18.61722366
3,21,22.50445359
3,21,69.61147913
3,21,65.75654835
3,21,68.04462777
3,21,88.6604778
3,21,31.14316868
3,21,61.84186289
3,21,67.78357199
3,21,47.89343075
3,21,11.92357188
3,21,67.53054385
3,21,53.10764626
3,21,20.05188888
