3,21,98.85660407
3,21,48.78542208
3,21,53.86853345
3,21,56.84843004
3,21,7.67878792
3,21,36.82505203
3,21,8.77745402
3,21,132.17815307
3,21,20.35778142
3,21,9.95514233
3,21,90.84887624
3,21,42.41075998
3,21,38.57895438
3,21,116.12616424
3,21,2.17394638
3,21,50.67016215
3,21,100.41188669
3,21,37.14462616
3,21,81.01886977
3,21,139.45174092
3,21,50.64632369
3,21,72.41611416
3,21,24.19658826
3,21,39.98883592
3,21,12.90344786
3,21,1.39951605
3,21,123.11607075
3,21,42.29822391
3,21,42.48130446
3,21,41.71327749
