5,22,159.59297122
5,22,642.65886844
5,22,490.24598597
5,22,627.0349647
5,22,559.40314334
5,22,820.95868625
5,22,458.09213986
5,22,972.81599753
5,22,1176.15211143
5,22,488.09105802
5,22,389.32052834
5,22,1148.03171711
5,22,237.86733874
5,22,1135.5243404
5,22,1033.74725806
5,22,632.18951602
5,22,1673.22737007
5,22,1139.4981969
5,22,291.33187137
5,22,349.843409
5,22,880.64476342
5,22,1214.33045619
5,22,1010.99258526
5,22,975.45524484
5,22,606.75131961
5,22,1163.16956538
5,22,954.17117509
5,22,500.28331737
5,22,1963.22725394
5,22,1311.09076253
5,22,183.67959108
5,22,335.64968593
5,22,233.02201378
5,22,200.9217819
5,22,1370.88705855
5,22,376.77446792
5,22,355.72135132
5,22,499.09761488
5,22,1123.97627143
5,22,1564.14565613
5,22,287.91045077
5,22,156.85560175
5,22,870.60528155
5,22,839.97402145
5,22,283.12753803
5,22,932.15949238
5,22,1340.47395885
5,22,329.80324068
5,22,644.78143808
5,22,1794.16563472
