5,24,127.54284637
5,24,28.22629023
5,24,161.6739279
5,24,108.61423974
5,24,61.59232297
5,24,171.14940833
5,24,87.40523429
5,24,9.76220963
5,24,21.74967249
5,24,66.27064688
5,24,125.52991775
5,24,292.21644774
5,24,102.56933056
5,24,78.93826916
5,24,238.57914493
5,24,193.21912922
5,24,109.04379343
5,24,57.25537139
5,24,165.20310589
5,24,12.99888088
5,24,64.28547591
5,24,188.3266084
5,24,179.77662148
5,24,98.28058547
5,24,162.97378838
5,24,50.89456166
5,24,179.6671611
5,24,195.70614203
5,24,176.70021712
5,24,13.03333702
5,24,128.64695308
5,24,352.703327
5,24,106.55580411
5,24,44.18518601
5,24,27.17627831
5,24,134.89617287
5,24,148.34135646
5,24,87.52114964
5,24,89.24917852
5,24,14.98348498
5,24,203.50886446
5,24,94.00746082
5,24,48.26221428
5,24,133.45702774
5,24,102.77431395
5,24,43.85006893
5,24,98.31531468
5,24,152.11117478
5,24,18.6006617
5,24,209.98034921
