5,8,236652.80883019
5,8,113041.31342602
5,8,418505.96810569
5,8,99958.75443081
5,8,12501.9479172
5,8,36138.8293772
5,8,60939.69960711
5,8,19881.9123815
5,8,317868.6141332
5,8,15233.77745333
5,8,114314.89738297
5,8,81317.24003499
5,8,19698.89840733
5,8,36664.89761361
5,8,118000.336689
5,8,41478.43315064
5,8,267343.03539901
5,8,60627.97137415
5,8,163484.09886092
5,8,22802.07728331
5,8,228605.97107102
5,8,70984.84667641
5,8,121827.28672037
5,8,28487.49642092
5,8,58044.35871976
5,8,11423.20706304
5,8,21674.57504977
5,8,65318.41062
5,8,77119.5233039
5,8,111011.83267081
5,8,95636.09043711
5,8,12607.72403538
5,8,301056.27782523
5,8,22765.18040623
5,8,75646.87347305
5,8,111479.89063052
5,8,26801.87819122
5,8,330822.05846455
5,8,150341.25742292
5,8,211748.57168221
5,8,80625.9828466
5,8,29489.30835856
5,8,27562.53276082
5,8,69815.52018128
5,8,35928.07615671
5,8,3023.85102717
5,8,23147.41027751
5,8,60110.44567505
5,8,16934.93079968
5,8,142017.46029218
