3,21,993.19265705
3,21,1002.07124109
3,21,972.71185264
3,21,992.31993438
3,21,963.2932303
3,21,1057.42659011
3,21,1005.35031151
3,21,1071.8777941
3,21,1081.571535
3,21,989.59449892
3,21,965.67203028
3,21,999.23411795
3,21,988.28115908
3,21,1106.47613514
3,21,1055.36380522
3,21,1044.49260739
3,21,1081.58211237
3,21,970.56803516
3,21,972.6276475
3,21,1062.39934575
3,21,965.86008189
3,21,1000.25365287
3,21,1017.15412159
3,21,1126.40958929
3,21,959.12232104
3,21,994.33847954
3,21,1062.60065338
3,21,940.8972244
3,21,1040.89575516
3,21,954.64035852
