3,10,3406965.55559392
3,10,10433974.84156476
3,10,5249688.93080352
3,10,35733868.76124784
3,10,4785851.31237928
3,10,472524.72753519
3,10,922897.57276879
3,10,5289475.1130554
3,10,66972.19231962
3,10,45654933.15163314
3,10,17735140.72695619
3,10,38210.27300204
3,10,29219789.67538994
3,10,13763794.55385795
3,10,2827845.18846239
3,10,546042.99621088
3,10,4175251.19912751
3,10,15668892.30839324
3,10,5542657.37304209
3,10,6331339.62296819
3,10,4658618.06637652
3,10,575413.62312085
3,10,2444383.32122176
3,10,7026391.3928678
3,10,23667446.83504335
3,10,2146314.47522671
3,10,4155919.0875127
3,10,1182547.76600526
3,10,6915939.55107362
3,10,4313508.08471625
