3,24,139.13004997
3,24,72.62419204
3,24,176.01709034
3,24,160.1311416
3,24,206.86566788
3,24,146.53193764
3,24,268.36630689
3,24,255.01994249
3,24,157.47912602
3,24,108.55525469
3,24,194.04396397
3,24,171.18672567
3,24,191.52474826
3,24,329.94754445
3,24,63.07309635
3,24,58.74137685
3,24,133.87064285
3,24,19.90731523
3,24,27.80754669
3,24,167.94348526
3,24,209.20273432
3,24,256.01802852
3,24,36.43714417
3,24,50.49255236
3,24,75.59888441
3,24,256.82244028
3,24,83.21385114
3,24,168.62711953
3,24,173.64282269
3,24,204.81635137
