5,21,453.33886037
5,21,500.38126202
5,21,476.195245
5,21,483.78138731
5,21,406.58905063
5,21,544.87073449
5,21,507.69872997
5,21,565.98576707
5,21,529.80400918
5,21,509.71444339
5,21,459.61203955
5,21,485.41875758
5,21,364.30199696
5,21,483.00859863
5,21,533.29461416
5,21,507.29539074
5,21,512.09145831
5,21,486.55549664
5,21,485.20092595
5,21,493.95700656
5,21,571.98555426
5,21,380.46066576
5,21,472.10468417
5,21,527.70946442
5,21,519.82143745
5,21,563.18535476
5,21,508.73975973
5,21,523.22111063
5,21,517.28243938
5,21,582.33020078
5,21,499.70489845
5,21,537.77061315
5,21,422.31791544
5,21,559.30332673
5,21,534.36223372
5,21,526.99977874
5,21,536.88445921
5,21,540.53963292
5,21,523.68448911
5,21,511.37955078
5,21,540.87805499
5,21,457.9947
5,21,416.89126776
5,21,551.9259504
5,21,531.75578691
5,21,523.41557576
5,21,507.17372687
5,21,555.87762012
5,21,482.90137662
5,21,542.05550376
