3,17,1.89254232
3,17,19.73036474
3,17,31.05944554
3,17,44.46473303
3,17,40.48740548
3,17,123.65104039
3,17,31.68709654
3,17,34.14358636
3,17,25.01258039
3,17,23.67246063
3,17,3.18255087
3,17,22.40955078
3,17,34.24894632
3,17,42.57132528
3,17,52.74894234
3,17,17.11907814
3,17,55.83170658
3,17,9.58773824
3,17,6.85248115
3,17,10.48852281
3,17,29.82567869
3,17,30.3312706
3,17,38.31654006
3,17,21.44041255
3,17,47.56347104
3,17,6.09136997
3,17,42.81346305
3,17,1.87413708
3,17,6.22915959
3,17,21.9960532
