3,4,204.13872769
3,4,2871.32163708
3,4,6.43211822
3,4,265.56389442
3,4,19672.17768834
3,4,194.82663539
3,4,1812.38394192
3,4,85.20927639
3,4,509.42861705
3,4,333.29681995
3,4,285.04782786
3,4,3036.39273042
3,4,75.67266653
3,4,175.05881649
3,4,109.34859141
3,4,3710.35106297
3,4,775.9653364
3,4,8091.67061294
3,4,142.06368169
3,4,16469.01969896
3,4,133.89205177
3,4,36.01240674
3,4,29.24163054
3,4,2780.77146665
3,4,2886.42658498
3,4,27.38668179
3,4,7844.93778659
3,4,109.67775431
3,4,257.09658895
3,4,7402.94598321
