5,18,130.58989474
5,18,157.66268026
5,18,79.6181387
5,18,36.76553474
5,18,45.37257852
5,18,195.80569399
5,18,251.45956306
5,18,178.02235577
5,18,436.73795109
5,18,193.90928316
5,18,94.00194153
5,18,208.13319853
5,18,168.97541206
5,18,136.6680389
5,18,166.27138742
5,18,239.05078614
5,18,174.73696501
5,18,256.39807767
5,18,147.72799339
5,18,47.29825757
5,18,73.58548493
5,18,200.56550612
5,18,69.33900374
5,18,63.40588583
5,18,193.36335952
5,18,15.6995111
5,18,169.18753418
5,18,27.0888463
5,18,125.21579423
5,18,60.02708696
5,18,86.18127527
5,18,308.12137219
5,18,67.06010606
5,18,143.53818602
5,18,156.72543617
5,18,113.73691575
5,18,24.85750895
5,18,217.41982752
5,18,59.99114998
5,18,176.89673582
5,18,195.27375278
5,18,31.36533716
5,18,71.32455194
5,18,190.26791264
5,18,172.71143688
5,18,152.84357524
5,18,42.15054148
5,18,360.8858946
5,18,216.18705787
5,18,165.23005884
