5,3,141.89751353
5,3,255.70630039
5,3,282.8853296
5,3,159.09404706
5,3,288.70525293
5,3,179.27355343
5,3,105.4215713
5,3,389.0521357
5,3,539.83625029
5,3,425.91849553
5,3,857.39696954
5,3,288.30700985
5,3,463.11113788
5,3,604.92017576
5,3,263.16359028
5,3,161.70031345
5,3,532.27911357
5,3,411.77652616
5,3,301.88443442
5,3,352.8411532
5,3,336.56826349
5,3,416.89727445
5,3,675.05002253
5,3,480.11099543
5,3,320.84002532
5,3,229.45024612
5,3,453.21052353
5,3,237.50657894
5,3,373.27723182
5,3,195.1629929
5,3,74.16227012
5,3,612.65049777
5,3,278.04793915
5,3,423.89061424
5,3,404.82655563
5,3,292.45055846
5,3,277.51639788
5,3,65.0352636
5,3,596.97595155
5,3,392.00242315
5,3,115.24669055
5,3,392.31474439
5,3,350.18178682
5,3,476.36270028
5,3,282.12181757
5,3,590.15321941
5,3,501.12723048
5,3,483.03746448
5,3,448.61774043
5,3,322.40464703
