5,20,116435.42597392
5,20,17260.12596436
5,20,65448.46577322
5,20,202787.573569
5,20,154923.39422447
5,20,56268.22293298
5,20,74817.15351001
5,20,16681.92862623
5,20,22189.45835127
5,20,9788.695524
5,20,112273.89998975
5,20,36156.00622304
5,20,15470.81023599
5,20,70575.14139207
5,20,67828.98976847
5,20,9001.92113069
5,20,70880.66126692
5,20,108484.90209042
5,20,13262.75397828
5,20,8923.43100838
5,20,100940.23855819
5,20,11838.39270893
5,20,81885.41655379
5,20,14628.62556605
5,20,62223.38845455
5,20,80460.89960595
5,20,9552.4572442
5,20,9533.60536743
5,20,2524.30017307
5,20,9203.28802487
5,20,55226.7523181
5,20,72191.02481113
5,20,19150.17428517
5,20,26934.8051604
5,20,33191.56617113
5,20,10418.05536367
5,20,25360.60400628
5,20,52059.17691002
5,20,13457.36587653
5,20,142703.43823607
5,20,126647.1113186
5,20,96891.37041212
5,20,75406.12146856
5,20,35843.81985049
5,20,3780.14915755
5,20,195707.24822793
5,20,28435.67031131
5,20,630.38382205
5,20,68316.42062985
5,20,34489.93017013
