5,6,47027.27568285
5,6,11093.67403052
5,6,114486.14586683
5,6,105525.14491514
5,6,62523.86777175
5,6,120972.1174776
5,6,80072.15209289
5,6,31970.83891288
5,6,24604.85007468
5,6,256175.92926343
5,6,198868.13916315
5,6,26365.36607812
5,6,11887.9633764
5,6,35317.85956264
5,6,323271.89469516
5,6,264921.65653752
5,6,534383.09985391
5,6,125480.02866646
5,6,87946.82993281
5,6,97744.90418165
5,6,56324.70836843
5,6,14062.76872811
5,6,23196.52865991
5,6,264549.80294221
5,6,80367.28827954
5,6,8161.24610292
5,6,453906.76994717
5,6,111547.73868151
5,6,57855.97948564
5,6,237618.43720422
5,6,6252.46406634
5,6,2430.34625681
5,6,201029.04179047
5,6,363849.48302982
5,6,126029.71303416
5,6,466924.00534012
5,6,26153.23245514
5,6,430319.6727355
5,6,144772.44933955
5,6,170614.63257952
5,6,45114.66063927
5,6,142588.73916138
5,6,81785.18897696
5,6,74478.76523964
5,6,213283.00914536
5,6,45337.84979392
5,6,446458.43584915
5,6,175342.68809776
5,6,128997.69000938
5,6,172960.27436662
