5,1,59.26885899
5,1,13.68790586
5,1,37.50658289
5,1,22.41682347
5,1,129.73909605
5,1,61.089715
5,1,178.47526611
5,1,110.29512454
5,1,123.04939948
5,1,89.68665597
5,1,115.82440546
5,1,4.44663599
5,1,51.46439384
5,1,47.04141241
5,1,2.3531887
5,1,15.7402656
5,1,148.3765907
5,1,143.80093586
5,1,9.05100122
5,1,18.00724993
5,1,43.22738676
5,1,26.46880212
5,1,36.98726793
5,1,15.51918358
5,1,33.43234465
5,1,18.18777118
5,1,75.22651652
5,1,0.28460465
5,1,4.52182332
5,1,137.68073398
5,1,375.91674612
5,1,13.45486297
5,1,103.94837876
5,1,9.65062371
5,1,90.5780416
5,1,73.09989098
5,1,186.05527434
5,1,167.98942527
5,1,128.04969739
5,1,34.23067022
5,1,54.44497515
5,1,287.20858836
5,1,26.36802556
5,1,35.32969115
5,1,26.31506848
5,1,101.40659763
5,1,34.37207143
5,1,188.78169198
5,1,47.30894736
5,1,30.77065283
