3,16,347.74940046
3,16,569.41395845
3,16,478.66792103
3,16,530.24816306
3,16,609.61260794
3,16,668.42872785
3,16,678.1486175
3,16,418.03620344
3,16,496.92353727
3,16,712.96573799
3,16,400.04400828
3,16,513.14599496
3,16,583.84245708
3,16,464.89104896
3,16,427.49163181
3,16,454.72828885
3,16,430.50989562
3,16,668.44054472
3,16,370.14502044
3,16,538.00400826
3,16,673.96868881
3,16,499.02264617
3,16,498.7004504
3,16,517.82041882
3,16,570.23880036
3,16,499.85135983
3,16,594.68008099
3,16,670.26372369
3,16,232.53987782
3,16,563.12588866
