3,12, 4.25271391e+08
3,12,18983569.75417627
3,12,41004892.1332743
3,12,59525020.1411711
3,12,97414103.85280222
3,12, 2.53921899e+08
3,12, 4.00338925e+08
3,12,7371184.41092699
3,12,54288927.40176555
3,12,16376138.96796721
3,12, 1.60600031e+08
3,12,27489768.18912614
3,12,12417225.90312406
3,12,61430838.09345667
3,12, 1.04592246e+08
3,12,99527070.10548061
3,12, 2.88973598e+08
3,12,49908461.85332655
3,12,7937620.14702315
3,12,78315117.47602096
3,12,35995127.65615289
3,12,58248977.42187676
3,12,31008418.04457094
3,12, 1.10812653e+08
3,12,64538806.45549387
3,12,59381059.88060029
3,12, 2.41129923e+08
3,12,69148684.44366808
3,12,7549091.83491281
3,12,60849059.45517064
