5,4,573.99264828
5,4,1039.91401218
5,4,439.26257735
5,4,300.23058177
5,4,472.69487567
5,4,1420.17128735
5,4,54.81895464
5,4,194.99186479
5,4,414.59283221
5,4,337.42712106
5,4,780.82790405
5,4,142.21589877
5,4,240.75280903
5,4,2332.53825393
5,4,2905.71580962
5,4,663.35531117
5,4,610.78883927
5,4,387.21869928
5,4,289.90961957
5,4,606.04929639
5,4,328.35717395
5,4,1163.50358472
5,4,129.75129834
5,4,403.2366609
5,4,372.29920074
5,4,1071.83921796
5,4,245.41730047
5,4,1189.59715428
5,4,446.26843377
5,4,1640.35892043
5,4,686.97844814
5,4,33.93014024
5,4,317.69734588
5,4,620.68950131
5,4,731.81625181
5,4,801.01497099
5,4,1385.06282042
5,4,2717.29994445
5,4,870.90001767
5,4,189.54524496
5,4,416.23459543
5,4,157.55346289
5,4,568.21886184
5,4,3142.96176907
5,4,54.75714968
5,4,807.10303884
5,4,44.51407931
5,4,238.42529814
5,4,523.91966888
5,4,205.93426119
