5,9,12236.61592915
5,9,45893.72268889
5,9,122928.70193915
5,9,5099.05578886
5,9,147161.62685371
5,9,64558.22099698
5,9,18682.85080788
5,9,329485.39442751
5,9,180439.89515751
5,9,56618.06760079
5,9,16388.86493336
5,9,2276.90282913
5,9,32940.1116682
5,9,42517.13350702
5,9,39417.31475022
5,9,25220.90732557
5,9,63299.68891417
5,9,67976.91413343
5,9,38637.26523139
5,9,42416.07918644
5,9,12363.05137719
5,9,24604.91526718
5,9,51312.85417074
5,9,65603.41135374
5,9,95910.19155198
5,9,3708.90344946
5,9,14594.69633145
5,9,129529.81552384
5,9,3256.40217959
5,9,9273.55818739
5,9,149789.55937901
5,9,39900.00065347
5,9,10681.44182301
5,9,6572.47007717
5,9,7561.27610364
5,9,31006.80800848
5,9,103246.10109848
5,9,30839.27503846
5,9,3208.06718302
5,9,34294.52800687
5,9,35121.67101132
5,9,7389.7759696
5,9,66002.72254384
5,9,20387.84288028
5,9,57078.74061247
5,9,64899.53315792
5,9,29371.11788197
5,9,34772.2970485
5,9,34494.31691629
5,9,17518.32412132
