5,3,4318.78284752
5,3,542.45026084
5,3,606.58997386
5,3,1025.88494982
5,3,425.83880076
5,3,6706.12655996
5,3,1072.02275065
5,3,1435.80592529
5,3,403.59221494
5,3,6870.92797611
5,3,347.67280817
5,3,924.79558962
5,3,374.49929684
5,3,1765.60573062
5,3,2445.61639047
5,3,646.40838641
5,3,390.54591852
5,3,551.9739027
5,3,7246.61062157
5,3,1769.62216206
5,3,721.41628639
5,3,576.59972104
5,3,338.46504489
5,3,1783.96069892
5,3,1062.02484031
5,3,492.14039749
5,3,2390.94155753
5,3,392.66581145
5,3,1418.56836184
5,3,307.43645193
5,3,593.31478671
5,3,1263.29758882
5,3,395.24221091
5,3,4066.5356824
5,3,1426.17329064
5,3,244.58228471
5,3,8153.01399358
5,3,1096.59512546
5,3,797.79029394
5,3,725.4907363
5,3,452.70346824
5,3,862.9203436
5,3,375.01487676
5,3,394.22459191
5,3,1378.00063538
5,3,1503.98295927
5,3,425.28005001
5,3,649.47211938
5,3,8130.53381183
5,3,437.50965476
