5,13,259.69324789
5,13,1365.94111261
5,13,1861.55103181
5,13,818.72494228
5,13,2549.98379112
5,13,1132.43417192
5,13,1525.48317508
5,13,1710.46998966
5,13,2712.26695521
5,13,118.14227428
5,13,709.06560768
5,13,230.48353047
5,13,387.465062
5,13,173.3295867
5,13,624.47207284
5,13,1351.19483821
5,13,1348.5421871
5,13,345.62024243
5,13,2244.87012153
5,13,1380.91161286
5,13,1350.43964129
5,13,36.15065153
5,13,1909.05645672
5,13,1979.89335417
5,13,1890.517292
5,13,432.87138483
5,13,6.29462604
5,13,1256.72673763
5,13,723.25673276
5,13,1701.94346442
5,13,615.00973137
5,13,571.32260505
5,13,473.79407167
5,13,2155.06079214
5,13,800.07938594
5,13,751.23432806
5,13,2612.527421
5,13,2099.92664708
5,13,1623.52461027
5,13,1872.12035925
5,13,1384.24200796
5,13,1914.40761158
5,13,1824.67287971
5,13,2184.76050437
5,13,1258.57716396
5,13,692.04826976
5,13,1431.67100514
5,13,807.14654181
5,13,2092.15380264
5,13,2205.31167723
