5,8,77253.14154573
5,8,226574.3064431
5,8,198904.19824384
5,8,19226.37406352
5,8,20056.95451472
5,8,299025.41908008
5,8,21353.7895181
5,8,503817.14068805
5,8,255579.09186882
5,8,23431.86754506
5,8,141549.47544153
5,8,34663.61186649
5,8,72981.08956285
5,8,17791.16840429
5,8,74257.82433759
5,8,58542.44472372
5,8,47735.60389011
5,8,48482.38376059
5,8,785305.65324444
5,8,85080.63297322
5,8,178812.98172299
5,8,103066.58237993
5,8,97467.41417689
5,8,342228.69487115
5,8,20895.21484782
5,8,29850.94696076
5,8,175538.84002932
5,8,565422.91148981
5,8,177959.80055217
5,8,24392.0870448
5,8,515093.66770704
5,8,39509.08603724
5,8,62912.17502709
5,8,352350.2784046
5,8,20566.75095934
5,8,30195.92843225
5,8,52629.13270905
5,8,288366.14569261
5,8,40346.69510414
5,8,417731.13380543
5,8,154299.89806945
5,8,2828.68909787
5,8,9812.99819648
5,8,10493.253231
5,8,543338.11116677
5,8,202695.68228606
5,8,110457.10773
5,8,32979.52518692
5,8,63775.56794025
5,8,218673.54623924
