3,12,42222981.56026985
3,12, 1.57286124e+09
3,12, 1.51936642e+09
3,12, 1.00012266e+09
3,12,55478274.33493561
3,12, 1.09265905e+09
3,12, 1.95846949e+09
3,12, 1.42298746e+08
3,12, 2.35939380e+08
3,12,98327245.99225812
3,12, 3.29293371e+08
3,12, 1.08590917e+08
3,12,1814574.93613056
3,12, 1.74877445e+08
3,12, 2.64638809e+08
3,12, 1.33458564e+09
3,12,90770348.46031635
3,12, 1.11421917e+08
3,12,58723122.96063988
3,12,68966527.14587711
3,12, 2.10463451e+09
3,12, 2.50299776e+08
3,12, 2.10199315e+09
3,12, 2.95603468e+08
3,12, 7.40411190e+08
3,12, 1.43937663e+09
3,12,93375481.26417145
3,12,957072.1607663
3,12, 1.67771585e+08
3,12, 1.25285241e+08
