5,13,41.152555
5,13,614.93189947
5,13,271.07379682
5,13,1966.23458208
5,13,110.73028075
5,13,744.26783627
5,13,232.57914977
5,13,514.76966025
5,13,90.14478769
5,13,1815.5313089
5,13,2411.00381844
5,13,1022.92368436
5,13,1036.06556917
5,13,1226.78656363
5,13,791.9022301
5,13,313.9346309
5,13,228.1706636
5,13,505.37257263
5,13,1348.77936726
5,13,333.0461898
5,13,1685.82770862
5,13,1833.26822336
5,13,737.70959756
5,13,1458.30824189
5,13,1911.75734035
5,13,1928.11684019
5,13,874.46378544
5,13,1134.72548845
5,13,2130.50843787
5,13,703.24643553
5,13,1243.23931459
5,13,73.62916423
5,13,1099.4662207
5,13,217.05092994
5,13,1556.04496176
5,13,227.66004868
5,13,2137.96836315
5,13,162.112081
5,13,2113.04124799
5,13,1084.13165078
5,13,2085.64037076
5,13,931.95661193
5,13,574.09559251
5,13,1249.66320732
5,13,254.86136546
5,13,43.3826611
5,13,1167.82588199
5,13,1315.52785838
5,13,2178.21238742
5,13,1362.03415349
