5,23,100.50476668
5,23,92.28567693
5,23,80.47637667
5,23,87.96160115
5,23,86.65118826
5,23,106.02080574
5,23,90.11028181
5,23,92.55615678
5,23,115.97985095
5,23,81.8915399
5,23,87.79605743
5,23,76.76034568
5,23,77.61876928
5,23,59.07872076
5,23,91.5204509
5,23,63.9230505
5,23,81.94922846
5,23,73.72228725
5,23,100.61533161
5,23,94.52981492
5,23,81.84760712
5,23,91.12523215
5,23,83.31381379
5,23,84.83116762
5,23,87.40182412
5,23,87.69616023
5,23,121.57573384
5,23,107.23478537
5,23,81.00264232
5,23,107.44540895
5,23,84.3631863
5,23,82.12441405
5,23,70.31921199
5,23,101.62636234
5,23,85.23521365
5,23,99.27239938
5,23,83.55206157
5,23,88.7272788
5,23,93.86407918
5,23,113.9293422
5,23,94.91799743
5,23,93.63246186
5,23,80.10159433
5,23,111.18269799
5,23,61.76111575
5,23,87.6259077
5,23,90.76688456
5,23,97.49777772
5,23,88.82184011
5,23,82.46230612
