5,7,274.38546699
5,7,2286.14421061
5,7,432.9827911
5,7,1064.26208261
5,7,76.26542818
5,7,29.90910244
5,7,15.34789285
5,7,286.98959343
5,7,1961.21418487
5,7,179.66791039
5,7,1135.96813962
5,7,118.68351978
5,7,810.01433457
5,7,100.06653719
5,7,68.18250718
5,7,94.82095647
5,7,102.91210814
5,7,236.26842721
5,7,1679.17841414
5,7,1233.07768143
5,7,337.05697184
5,7,1841.91214873
5,7,2186.30549039
5,7,269.90899133
5,7,88.27616651
5,7,1425.10987504
5,7,92.93419401
5,7,272.67788265
5,7,22.56110248
5,7,302.26175312
5,7,90.05099145
5,7,2780.89064313
5,7,639.54103748
5,7,51.39083463
5,7,612.69353422
5,7,209.46364566
5,7,1155.61962612
5,7,4608.47696902
5,7,307.2390206
5,7,905.62251286
5,7,380.72523928
5,7,858.76438049
5,7,736.6103633
5,7,1080.92812504
5,7,889.85236964
5,7,619.64952235
5,7,651.61904915
5,7,641.57693487
5,7,763.70677848
5,7,533.03159796
