5,23,118.51055092
5,23,118.32604802
5,23,137.58082197
5,23,136.24802596
5,23,133.93960825
5,23,103.26819393
5,23,127.23383415
5,23,124.70362131
5,23,128.37493947
5,23,128.3407742
5,23,139.8501208
5,23,122.97691815
5,23,122.17051662
5,23,122.92223262
5,23,107.67907474
5,23,147.26593601
5,23,125.63225099
5,23,127.49379991
5,23,131.26313379
5,23,125.02422557
5,23,149.61753402
5,23,146.38777024
5,23,122.07888496
5,23,140.94653408
5,23,130.70385497
5,23,105.95883911
5,23,131.91700813
5,23,147.93643948
5,23,119.69401312
5,23,153.68559948
5,23,150.21725556
5,23,111.04222367
5,23,136.32739585
5,23,131.1856272
5,23,137.60352119
5,23,159.79782846
5,23,121.53421032
5,23,123.64927175
5,23,109.92888496
5,23,119.18960507
5,23,135.66402337
5,23,113.47110122
5,23,136.27675587
5,23,119.79802382
5,23,151.31734918
5,23,122.93848708
5,23,132.82904234
5,23,162.12839279
5,23,134.89813337
5,23,126.62986312
