3,3,96.97341083
3,3,501.51312642
3,3,539.79623247
3,3,1657.53754327
3,3,96.37633878
3,3,182.16221483
3,3,67.57707167
3,3,360.90075596
3,3,1295.53238341
3,3,25.61230685
3,3,368.31229755
3,3,162.61833169
3,3,75.94981881
3,3,276.11284055
3,3,64.61875382
3,3,149.12314072
3,3,214.95456356
3,3,256.34927442
3,3,146.08380175
3,3,347.00477591
3,3,345.35788639
3,3,144.72998407
3,3,261.62034481
3,3,165.42340831
3,3,65.33126194
3,3,308.1503027
3,3,396.79032821
3,3,111.11730636
3,3,958.14902892
3,3,285.06192261
