3,24,48.97469335
3,24,187.13421251
3,24,222.61303865
3,24,140.34624317
3,24,236.99341404
3,24,161.40575523
3,24,181.62159279
3,24,189.213696
3,24,292.77892646
3,24,168.59927353
3,24,173.94692299
3,24,168.43281541
3,24,39.3173365
3,24,106.97703236
3,24,246.64043824
3,24,86.5070222
3,24,77.19355367
3,24,27.62292125
3,24,141.83651947
3,24,175.7348458
3,24,269.29257556
3,24,175.14934159
3,24,206.00332914
3,24,181.95196524
3,24,263.33947799
3,24,135.47736982
3,24,259.86494199
3,24,70.37539454
3,24,166.18132577
3,24,197.32144088
