3,23,400.23048242
3,23,351.11144291
3,23,418.58760717
3,23,400.31783793
3,23,360.78139551
3,23,383.01221462
3,23,343.57319703
3,23,376.59220605
3,23,386.05680236
3,23,361.10439261
3,23,442.31183453
3,23,385.4399087
3,23,376.42772812
3,23,372.30724721
3,23,395.31029366
3,23,423.51840099
3,23,386.93642254
3,23,366.48752568
3,23,359.15782434
3,23,405.67065116
3,23,383.82222744
3,23,386.17662901
3,23,357.34308197
3,23,451.17117916
3,23,356.99376187
3,23,409.59695842
3,23,418.76887151
3,23,374.63620448
3,23,391.50086803
3,23,379.9011389
