3,8,15739.34434263
3,8,20050.53133794
3,8,140299.85661329
3,8,33009.27993433
3,8,514576.7790432
3,8,135158.2842732
3,8,53422.88491598
3,8,58636.57352731
3,8,259536.13748061
3,8,4286.55306433
3,8,33571.29626403
3,8,30898.42653671
3,8,78899.54538667
3,8,7233.83020097
3,8,30047.60700256
3,8,10580.87474942
3,8,90771.99525952
3,8,15214.03997163
3,8,1640.29395542
3,8,92539.156715
3,8,64912.21147244
3,8,93837.01199095
3,8,200162.59455008
3,8,35308.34804592
3,8,78051.75960445
3,8,21614.84062559
3,8,4491.0623699
3,8,257968.53289047
3,8,177.18697296
3,8,76873.9478545
