5,8,34084.72667032
5,8,422832.87234323
5,8,25020.22715195
5,8,57236.19004969
5,8,11225.01834177
5,8,264466.51499103
5,8,41544.29713451
5,8,3474.47754537
5,8,11638.4985266
5,8,189503.5593451
5,8,626.55085345
5,8,18978.60775789
5,8,273922.91978173
5,8,86545.21778911
5,8,69614.3399692
5,8,10167.16996613
5,8,208267.16707624
5,8,477966.78989532
5,8,238910.26703116
5,8,156493.1990159
5,8,140371.40769572
5,8,223219.60393269
5,8,66890.67450131
5,8,306486.83256641
5,8,36670.20125085
5,8,129645.67810711
5,8,104541.84770435
5,8,115043.19646426
5,8,12013.25809343
5,8,111521.67560052
5,8,23531.86744585
5,8,19837.20587432
5,8,376381.39685128
5,8,346751.57592841
5,8,377303.22385045
5,8,160732.28138706
5,8,85472.32261229
5,8,85627.03692521
5,8,3062.08708613
5,8,24087.31369588
5,8,38542.98894545
5,8,142760.95098246
5,8,10497.41146375
5,8,56279.54591455
5,8,34459.97137109
5,8,52105.20524064
5,8,166697.3759126
5,8,265260.34583845
5,8,74982.31327313
5,8,100712.77950129
