5,16,469.94716349
5,16,329.72404905
5,16,446.36233483
5,16,418.17846987
5,16,438.40122982
5,16,451.56515427
5,16,332.61312687
5,16,337.52605596
5,16,329.53956417
5,16,565.66327407
5,16,339.85990605
5,16,498.41547044
5,16,355.88881743
5,16,602.61440501
5,16,386.3104125
5,16,476.05608515
5,16,385.53711208
5,16,510.08625152
5,16,410.55768567
5,16,472.63024592
5,16,377.28365429
5,16,326.49674863
5,16,579.10405993
5,16,446.97276788
5,16,574.72121795
5,16,329.46191343
5,16,435.26121192
5,16,678.86439311
5,16,329.4646283
5,16,363.50527148
5,16,353.98308049
5,16,466.46781693
5,16,375.94032071
5,16,322.03642105
5,16,389.32278846
5,16,436.24114584
5,16,393.99015966
5,16,282.27899414
5,16,418.89702765
5,16,503.92467493
5,16,523.63369971
5,16,496.41437538
5,16,428.6765993
5,16,191.31232512
5,16,435.45333122
5,16,297.22904963
5,16,528.80351458
5,16,476.34909106
5,16,683.53141952
5,16,565.66644607
