5,19,46.19959377
5,19,149.46768176
5,19,75.78543968
5,19,93.53693099
5,19,68.91235412
5,19,98.67118847
5,19,26.84551599
5,19,100.14656555
5,19,41.22948131
5,19,70.55772397
5,19,172.88287534
5,19,63.79603806
5,19,111.23150831
5,19,282.53542145
5,19,26.26865939
5,19,108.41466051
5,19,95.66854802
5,19,93.25909697
5,19,55.63351368
5,19,54.26813915
5,19,24.63024242
5,19,92.15235402
5,19,52.75312977
5,19,238.67611291
5,19,93.75196758
5,19,94.39081865
5,19,84.65819991
5,19,21.37021115
5,19,91.79040133
5,19,127.17048535
5,19,27.84951258
5,19,125.28007628
5,19,56.36873175
5,19,222.8339294
5,19,166.81385358
5,19,21.64168087
5,19,34.89774451
5,19,70.25548384
5,19,59.93289379
5,19,126.97384108
5,19,60.02086957
5,19,46.76943375
5,19,121.23221275
5,19,91.33255646
5,19,77.13075409
5,19,74.76897158
5,19,99.71941993
5,19,62.35660089
5,19,37.19581981
5,19,86.13411624
