5,14,114.98714239
5,14,13.30839664
5,14,54.34443549
5,14,100.74481261
5,14,39.4364989
5,14,253.23707256
5,14,147.88134193
5,14,70.05726241
5,14,80.71397114
5,14,22.37277335
5,14,41.1068526
5,14,67.93009851
5,14,102.75667947
5,14,180.1650993
5,14,25.07417025
5,14,26.77244779
5,14,21.91780158
5,14,46.16787456
5,14,250.14555277
5,14,2.55670463
5,14,14.51877222
5,14,26.37773102
5,14,89.84346754
5,14,49.99621058
5,14,28.31454437
5,14,10.56741354
5,14,31.02693004
5,14,28.04130175
5,14,41.20451844
5,14,138.17591271
5,14,35.81371633
5,14,23.86441128
5,14,151.29465003
5,14,77.98410882
5,14,78.41698048
5,14,15.39140525
5,14,14.15932691
5,14,181.35183541
5,14,129.07353004
5,14,28.75200534
5,14,64.95960251
5,14,121.38743007
5,14,18.22613091
5,14,46.05384484
5,14,15.4974518
5,14,302.02495478
5,14,640.80415781
5,14,223.1969833
5,14,102.76105274
5,14,2.82206093
