5,6,240494.03431665
5,6,253211.84549623
5,6,12964.82142504
5,6,562362.76402262
5,6,98627.51250507
5,6,68165.44041613
5,6,98323.73367322
5,6,585270.63938763
5,6,243768.84096575
5,6,398096.23805951
5,6,121007.93589257
5,6,108365.52121162
5,6,357796.56380012
5,6,585593.50649348
5,6,362733.11160191
5,6,114972.32817269
5,6,252205.4282852
5,6,115327.589357
5,6,15262.40846951
5,6,1999.45850317
5,6,275857.56291585
5,6,49182.21970222
5,6,25777.09022924
5,6,13052.36605482
5,6,671699.11834919
5,6,23970.97473991
5,6,150771.38188995
5,6,170944.43882929
5,6,30303.19474579
5,6,531430.93946263
5,6,108733.95799175
5,6,294563.1122191
5,6,175839.62316122
5,6,75344.34904423
5,6,144092.93896639
5,6,846830.77332728
5,6,159816.59315421
5,6,11243.87136179
5,6,22358.0057356
5,6,108995.67409144
5,6,421081.18342952
5,6,650429.11318963
5,6,503928.38223943
5,6,136867.48217804
5,6,80237.44204249
5,6,291341.38769096
5,6,160896.04709508
5,6,70371.8903499
5,6,2355.3242286
5,6,206934.79543118
