5,13,1164.31551982
5,13,1277.6666756
5,13,230.73353051
5,13,1148.10570612
5,13,345.49236075
5,13,2805.63846595
5,13,1183.09330406
5,13,1511.17758655
5,13,902.93956341
5,13,716.8454957
5,13,148.8495012
5,13,1213.2455387
5,13,1434.0603796
5,13,642.17860604
5,13,804.83194796
5,13,649.10620514
5,13,459.77299433
5,13,452.19596763
5,13,75.2238882
5,13,922.80429994
5,13,1325.45188198
5,13,975.92079774
5,13,343.32309626
5,13,643.52187444
5,13,1928.88437478
5,13,879.1167684
5,13,1573.82012017
5,13,651.15212353
5,13,1881.02447718
5,13,483.83570543
5,13,2998.59099739
5,13,32.87516588
5,13,1420.47281863
5,13,94.54507826
5,13,112.90406585
5,13,668.08091766
5,13,1352.4561998
5,13,33.26167136
5,13,1307.33877319
5,13,773.11659473
5,13,45.45409208
5,13,775.34572849
5,13,2363.80653889
5,13,1345.17606017
5,13,389.77351066
5,13,523.76869434
5,13,845.53133079
5,13,735.98695612
5,13,665.33097768
5,13,582.29962235
