5,7,2546.7539828
5,7,678.39959302
5,7,301.9313713
5,7,20.28473815
5,7,2027.28543878
5,7,557.53134843
5,7,588.44584087
5,7,172.97372228
5,7,383.51019456
5,7,86.01900669
5,7,162.71179062
5,7,983.10431674
5,7,261.31739274
5,7,1059.74529259
5,7,2702.91673057
5,7,635.29567646
5,7,2379.17236858
5,7,327.93208716
5,7,2073.61742089
5,7,213.92627615
5,7,236.89508169
5,7,414.91049434
5,7,503.31933867
5,7,2105.0157286
5,7,448.36287681
5,7,553.85984287
5,7,107.32466445
5,7,76.88749821
5,7,798.60724609
5,7,417.40798433
5,7,616.73527702
5,7,195.59800034
5,7,1250.63968599
5,7,0.05783141
5,7,268.12895988
5,7,65.51589583
5,7,176.61638042
5,7,294.03492234
5,7,72.58303534
5,7,1344.82234708
5,7,18.77654633
5,7,3031.28470938
5,7,157.83461944
5,7,849.34093809
5,7,94.30167811
5,7,1163.57331068
5,7,774.39172595
5,7,866.26440813
5,7,110.41028665
5,7,286.3704659
