5,21,234.79161872
5,21,242.43336872
5,21,223.35057679
5,21,217.98085186
5,21,280.12124153
5,21,239.5292312
5,21,239.64595601
5,21,202.18419081
5,21,155.02262515
5,21,165.28851994
5,21,262.84502743
5,21,144.30507106
5,21,280.07229921
5,21,279.27318239
5,21,229.37635727
5,21,138.22884516
5,21,235.65022761
5,21,60.00114592
5,21,272.70540663
5,21,110.46389234
5,21,217.66977907
5,21,223.58672203
5,21,239.61719447
5,21,248.41001741
5,21,129.22814754
5,21,138.28452458
5,21,158.24856415
5,21,220.74376927
5,21,194.83280206
5,21,246.3741358
5,21,237.26343857
5,21,138.58068992
5,21,283.08302176
5,21,168.86776499
5,21,265.83704991
5,21,212.47872261
5,21,257.298523
5,21,249.44249108
5,21,163.34613731
5,21,236.77814073
5,21,93.56752332
5,21,65.91993715
5,21,202.03561987
5,21,229.59455411
5,21,208.61998441
5,21,255.64876337
5,21,250.97678543
5,21,242.8015428
5,21,151.4132223
5,21,159.31127359
