5,2,540806.36844946
5,2,17058488.68759572
5,2,5655345.41304033
5,2,14056488.96688274
5,2,5155079.95686174
5,2,2044918.30234435
5,2,3313623.38791698
5,2,19829887.75493533
5,2,8010322.11437278
5,2,11341828.54967816
5,2,754595.07893529
5,2,6499492.72385708
5,2,31687429.91985228
5,2,22352653.73164933
5,2,1336655.40210671
5,2,20438333.86459883
5,2,92530.88102468
5,2,3254209.67493236
5,2,5828049.80964294
5,2,146211.51255241
5,2,4122895.44856189
5,2,4423143.12923633
5,2,4451113.07736794
5,2,10439500.49480843
5,2,642029.2933178
5,2,3952238.54160843
5,2,5484660.09787209
5,2,1591322.36289034
5,2,2456223.35232612
5,2,400017.69473277
5,2,1757190.98724289
5,2,9241075.53652215
5,2,10402461.39490523
5,2,81117.18488144
5,2,2813086.04107351
5,2,12025893.81484863
5,2,11304741.01260889
5,2,4112579.52771382
5,2,322000.96128568
5,2,9251364.98946352
5,2,10672537.42617402
5,2,2384022.78868459
5,2,4845932.5905539
5,2,5957146.88972993
5,2,7121796.91756077
5,2,579029.54997072
5,2,2511716.33901513
5,2,417414.52017685
5,2,4402172.88990936
5,2,2956172.81234638
