5,10,50591670.20697451
5,10,2293968.94385394
5,10,15499033.17559524
5,10,33742067.64122015
5,10,11407447.90700903
5,10,9714683.58766249
5,10,21819424.069598
5,10,10332479.80183555
5,10,230227.11428078
5,10,6629005.26848861
5,10,24251714.72843882
5,10,10314488.27320156
5,10,65302427.63418868
5,10,20561376.51845593
5,10,14197800.63608744
5,10,2610131.3797589
5,10,9881583.89520089
5,10,3376319.14547518
5,10,2673563.68056288
5,10,41471588.94994653
5,10,3254338.75563373
5,10,2747280.05479174
5,10,54218182.86059985
5,10,10779718.10027214
5,10,19135042.92841985
5,10,196075.03069725
5,10,18827166.80758225
5,10,7616193.22102204
5,10,2494214.84283161
5,10,21915874.1339107
5,10,15132022.91937516
5,10,9635295.2231253
5,10,3776336.28102287
5,10,30662642.49019818
5,10,10919603.32192937
5,10,35699215.95850887
5,10,6135164.29388337
5,10,6643538.40782894
5,10,7461097.89071955
5,10,7379321.88526576
5,10,30499528.13078403
5,10,17856563.09187204
5,10,765448.12923695
5,10,32974548.674214
5,10,8969722.29116718
5,10,13767941.08162781
5,10,17609880.19951186
5,10,57242965.73921397
5,10,16230654.00704872
5,10,811360.04332198
