5,19,391.12129314
5,19,369.74140405
5,19,450.33768182
5,19,399.24889779
5,19,407.0281357
5,19,429.65767888
5,19,432.45924109
5,19,453.58915612
5,19,428.44476281
5,19,432.81167794
5,19,272.28050273
5,19,467.46884125
5,19,407.82851822
5,19,359.30631399
5,19,453.6432761
5,19,433.98541408
5,19,467.99191648
5,19,305.09124342
5,19,430.92470081
5,19,447.53122252
5,19,407.91393187
5,19,414.37982911
5,19,423.06666066
5,19,379.95078407
5,19,312.21750872
5,19,459.75952881
5,19,436.85334411
5,19,426.22902334
5,19,438.46112021
5,19,381.22514278
5,19,408.95784784
5,19,400.9791404
5,19,457.90469433
5,19,417.64310804
5,19,429.32281908
5,19,363.34339167
5,19,457.55079001
5,19,418.61751239
5,19,292.30728497
5,19,423.77227638
5,19,451.2331562
5,19,448.24952167
5,19,452.53873349
5,19,431.03527032
5,19,446.48744674
5,19,315.63696355
5,19,429.88994636
5,19,461.54708119
5,19,323.98169585
5,19,458.17617027
