5,23,8.6812189
5,23,20.40188926
5,23,1.23517509
5,23,15.81844356
5,23,17.07232315
5,23,35.63432425
5,23,32.46840056
5,23,15.97347466
5,23,0.87760348
5,23,25.21419608
5,23,9.69188531
5,23,22.78083517
5,23,0.42239025
5,23,12.37557116
5,23,10.45889325
5,23,28.35165073
5,23,9.91708642
5,23,14.66201451
5,23,10.09219269
5,23,3.62401728
5,23,0.81040767
5,23,8.90992207
5,23,36.06541745
5,23,14.19101226
5,23,28.17375639
5,23,7.15267291
5,23,5.26030173
5,23,12.51603042
5,23,5.16438344
5,23,46.39351272
5,23,10.26136402
5,23,25.66415592
5,23,14.55384547
5,23,12.89899772
5,23,8.20102638
5,23,2.02681371
5,23,8.08752894
5,23,13.03648009
5,23,5.21598089
5,23,30.21406542
5,23,5.48210188
5,23,17.64966158
5,23,18.4144205
5,23,17.74790114
5,23,43.74241316
5,23,13.58797923
5,23,0.35521406
5,23,17.24417785
5,23,2.93536856
5,23,12.69150811
