5,15,511.90502074
5,15,2933.13300791
5,15,318.5855501
5,15,53.50517251
5,15,1550.01449452
5,15,332.9649105
5,15,556.56547242
5,15,325.61226272
5,15,42.5435928
5,15,155.08384355
5,15,214.79609279
5,15,1017.21104474
5,15,111.26609839
5,15,5.204432
5,15,776.17442392
5,15,167.11947401
5,15,188.24719816
5,15,267.72083898
5,15,1660.7890668
5,15,1541.88618231
5,15,858.74546358
5,15,497.38566205
5,15,314.34498253
5,15,169.79078736
5,15,2154.79837618
5,15,82.82763991
5,15,971.14552098
5,15,174.43969295
5,15,1245.4144062
5,15,182.31104872
5,15,887.01629031
5,15,259.39344168
5,15,50.31477572
5,15,2304.36642065
5,15,424.14051624
5,15,407.9951243
5,15,1367.80668294
5,15,615.39892308
5,15,235.70269659
5,15,140.85242425
5,15,1045.57185146
5,15,299.31016167
5,15,0.56418195
5,15,51.35660495
5,15,1696.22767388
5,15,263.8353362
5,15,600.76007234
5,15,317.87906165
5,15,290.72970766
5,15,938.28135122
