5,9,34340.09122974
5,9,82259.23607176
5,9,36122.16862831
5,9,91275.06034621
5,9,38205.69666121
5,9,62885.33401924
5,9,390723.83593724
5,9,59635.74390428
5,9,77501.26760059
5,9,100653.66396586
5,9,33792.22248751
5,9,18635.06135272
5,9,25192.4534374
5,9,140999.08002414
5,9,105672.54532894
5,9,858.6935388
5,9,86925.6300889
5,9,37202.83391116
5,9,2169.33168974
5,9,19054.76872079
5,9,97858.07359687
5,9,246140.57518684
5,9,150560.84923802
5,9,3244.34872929
5,9,108329.12420587
5,9,13602.9321015
5,9,204871.25192493
5,9,72632.88199362
5,9,86540.65142185
5,9,126266.66647967
5,9,7800.12132053
5,9,18013.26294837
5,9,247019.80422102
5,9,75454.29480038
5,9,6182.06579361
5,9,59148.56994458
5,9,59152.26212112
5,9,145290.80444061
5,9,105412.23591831
5,9,21908.65524621
5,9,15386.70488572
5,9,55730.59776119
5,9,45125.97768328
5,9,803.27819044
5,9,10526.77144288
5,9,31959.94947657
5,9,16285.08999795
5,9,114614.08268098
5,9,75226.38143428
5,9,38453.26281572
