5,12, 1.70823203e+08
5,12, 2.00679382e+09
5,12, 1.17645711e+08
5,12,25759096.21840431
5,12, 3.82053093e+08
5,12, 3.94495944e+08
5,12, 1.54663530e+08
5,12,3058395.14931687
5,12, 2.19095990e+08
5,12, 1.72800113e+08
5,12,18571472.84067406
5,12, 2.15927282e+08
5,12,26355005.90945293
5,12, 2.90333832e+08
5,12, 2.70901113e+08
5,12, 2.84399006e+08
5,12, 1.73440754e+08
5,12, 1.74826575e+08
5,12, 1.06698261e+08
5,12,16565639.60320023
5,12,26375461.82689107
5,12,49556253.06177828
5,12, 4.73885746e+08
5,12, 1.33241547e+08
5,12, 2.97686739e+08
5,12, 4.65489137e+08
5,12, 4.38193518e+08
5,12,1517589.82489924
5,12, 1.89717520e+08
5,12, 3.94558844e+08
5,12, 1.83222306e+08
5,12, 1.39487773e+08
5,12,23322404.77360527
5,12,18076920.11914328
5,12, 1.00074901e+08
5,12,95240518.82132253
5,12,58140077.61366563
5,12, 4.90706602e+08
5,12, 4.59082547e+08
5,12, 4.04141595e+08
5,12,37007890.07578521
5,12, 1.32456856e+08
5,12, 1.79679707e+08
5,12,89084272.39335434
5,12,32021215.53143032
5,12, 2.32271395e+08
5,12, 2.89197130e+09
5,12,71941189.14260659
5,12,24032636.52937331
5,12, 4.73119921e+08
