5,5,284.47335367
5,5,198.39453624
5,5,254.97791369
5,5,327.35135632
5,5,339.87190287
5,5,274.40589665
5,5,214.53030097
5,5,264.01560848
5,5,289.83829763
5,5,280.32903997
5,5,282.08508278
5,5,140.06487548
5,5,272.18073273
5,5,222.23897873
5,5,122.52713631
5,5,246.8428517
5,5,270.62688301
5,5,333.70764029
5,5,300.40277179
5,5,235.63285181
5,5,293.67927581
5,5,252.95055528
5,5,241.6389872
5,5,236.48501653
5,5,261.52448488
5,5,294.64922737
5,5,334.90865262
5,5,363.49535441
5,5,179.4812498
5,5,414.01467987
5,5,299.13213041
5,5,281.60786619
5,5,288.86433569
5,5,258.22661513
5,5,264.84136292
5,5,323.53223008
5,5,174.3438272
5,5,268.53650516
5,5,229.39062316
5,5,369.86869428
5,5,142.8204415
5,5,303.32366043
5,5,265.73695872
5,5,307.31672226
5,5,223.1653183
5,5,324.79628475
5,5,316.54863234
5,5,276.50122748
5,5,280.59676594
5,5,215.22224985
