3,12,67364740.91701105
3,12,87961844.81316435
3,12,36992402.01021454
3,12,79212772.10944755
3,12,20231774.67603313
3,12, 1.09513664e+08
3,12,41933199.70670119
3,12,9898365.08955048
3,12, 1.79218913e+08
3,12,7404034.73475918
3,12,84738695.76684988
3,12,35662009.97221518
3,12,20350752.21550813
3,12,70203269.64534952
3,12,15347552.79575541
3,12,44898781.84206387
3,12, 1.91948863e+08
3,12,36813543.42720807
3,12, 1.33479668e+08
3,12, 1.85777697e+08
3,12,56597367.60233346
3,12,34391747.1325708
3,12, 1.07400856e+08
3,12,30127104.1204513
3,12,23767144.63542305
3,12,17733264.70472451
3,12,3343320.88765845
3,12,31789668.94001958
3,12,98381591.5833987
3,12,73661951.07400435
