3,10,19188433.92104886
3,10,411152.26399154
3,10,8789541.1738431
3,10,1545897.64194929
3,10,15911544.67705416
3,10,5845791.81642987
3,10,49737721.34852506
3,10,208175.50049702
3,10,5146846.56994042
3,10,4918918.37211122
3,10,61163942.98969591
3,10,5798012.38466107
3,10,12468949.01919809
3,10,9001394.15761587
3,10,19638212.91888703
3,10,2113231.39309768
3,10,2023961.08832537
3,10,19178593.32429785
3,10,7621244.96562126
3,10,250024.0834867
3,10,23446279.29081699
3,10,4221037.88361836
3,10,45565913.88451166
3,10,21557990.45973505
3,10,4705870.92823022
3,10,42776974.62782934
3,10,51535533.0815981
3,10,7001133.31004794
3,10,33673316.39516179
3,10,10096730.76408929
