5,14,406.16512868
5,14,454.0457649
5,14,427.89613466
5,14,314.28618904
5,14,533.93057076
5,14,424.16893998
5,14,406.58195338
5,14,440.25673123
5,14,404.34187666
5,14,406.21622588
5,14,455.75232923
5,14,384.8451022
5,14,240.87924297
5,14,284.17991281
5,14,424.30157053
5,14,339.78437639
5,14,399.51752501
5,14,415.71879061
5,14,293.89267782
5,14,338.99526034
5,14,410.32087134
5,14,409.0722248
5,14,456.77483527
5,14,455.7957998
5,14,414.68340623
5,14,286.15893541
5,14,313.99268604
5,14,338.10848045
5,14,293.33595797
5,14,429.67961148
5,14,377.21200744
5,14,472.20964076
5,14,446.10144793
5,14,541.02310535
5,14,412.61533089
5,14,537.17066073
5,14,423.47564688
5,14,192.87232873
5,14,478.13073185
5,14,434.43469712
5,14,465.35969157
5,14,405.57640699
5,14,477.41701343
5,14,518.08274206
5,14,434.6628488
5,14,405.58123966
5,14,516.92520977
5,14,399.88946834
5,14,1086.99370882
5,14,538.3146601
