5,22,1171.54070325
5,22,964.57047454
5,22,544.92215859
5,22,1300.19036069
5,22,78.42541553
5,22,1271.94099486
5,22,426.48770409
5,22,711.65361587
5,22,856.19521835
5,22,595.08878752
5,22,480.72037755
5,22,618.6593321
5,22,1213.08472607
5,22,765.86417808
5,22,178.62714815
5,22,1703.62074242
5,22,1346.17482338
5,22,976.51150873
5,22,668.85825155
5,22,866.1046363
5,22,770.68574855
5,22,779.31002555
5,22,273.73406336
5,22,1168.97573575
5,22,1753.98837073
5,22,397.38607576
5,22,1133.85605364
5,22,360.97673639
5,22,520.59508859
5,22,787.06511374
5,22,1279.61688794
5,22,1641.47824181
5,22,145.84831653
5,22,632.87614717
5,22,139.80466169
5,22,801.01546556
5,22,278.18046478
5,22,720.25633302
5,22,977.11556525
5,22,1203.48112145
5,22,1711.29009902
5,22,153.05211063
5,22,188.42689503
5,22,398.17757212
5,22,803.28294053
5,22,246.9005205
5,22,131.8012513
5,22,674.096056
5,22,413.70051394
5,22,298.88199409
