5,17,1020.91945711
5,17,1005.21464109
5,17,996.90203417
5,17,998.55822319
5,17,961.24015426
5,17,988.66620252
5,17,985.40027614
5,17,1002.95268791
5,17,978.04582579
5,17,1018.48358494
5,17,968.90201243
5,17,995.03161742
5,17,982.90959596
5,17,1018.17223371
5,17,979.78666779
5,17,988.84719573
5,17,981.71932716
5,17,1016.18446233
5,17,981.79621125
5,17,979.64537973
5,17,972.29887138
5,17,975.18744573
5,17,997.27552775
5,17,986.00697914
5,17,989.08008967
5,17,1053.92628335
5,17,1064.91797688
5,17,996.41813405
5,17,1010.96492258
5,17,1008.03467365
5,17,1003.54576997
5,17,1019.25082327
5,17,1015.62760958
5,17,995.02604592
5,17,989.713226
5,17,985.46654506
5,17,1009.56735575
5,17,995.20245242
5,17,985.31539749
5,17,1001.61211758
5,17,1007.13272025
5,17,972.62487319
5,17,1016.51505934
5,17,987.19788364
5,17,983.05348341
5,17,979.60232277
5,17,1028.67748226
5,17,1013.86646042
5,17,984.16992756
5,17,991.63003421
