3,24,190.23414893
3,24,16.10067407
3,24,19.17153515
3,24,118.78819534
3,24,13.93266922
3,24,69.31596537
3,24,26.55154206
3,24,18.34271573
3,24,50.66125223
3,24,66.07866417
3,24,82.43644702
3,24,128.65319305
3,24,24.90511136
3,24,17.89752851
3,24,154.85295617
3,24,25.35235721
3,24,17.42734963
3,24,8.00335434
3,24,14.3106133
3,24,18.0413449
3,24,102.0452708
3,24,21.54629142
3,24,65.83262044
3,24,81.2111093
3,24,89.94438927
3,24,4.09139869
3,24,131.21661458
3,24,174.56184536
3,24,30.39059173
3,24,1.61257229
