5,24,264.24451316
5,24,182.73106953
5,24,390.84078586
5,24,195.99835105
5,24,99.27906594
5,24,267.7722888
5,24,85.0718752
5,24,22.22962849
5,24,54.40021483
5,24,57.10768577
5,24,374.23105839
5,24,200.99226194
5,24,154.3457291
5,24,283.66461494
5,24,394.77331491
5,24,345.39899573
5,24,239.50091768
5,24,246.25819342
5,24,159.86435933
5,24,193.85305967
5,24,214.20281233
5,24,191.53846953
5,24,87.84919163
5,24,394.2253589
5,24,205.78800072
5,24,186.20344757
5,24,151.25391326
5,24,283.32796704
5,24,346.2993042
5,24,67.20626313
5,24,262.49113715
5,24,317.57565299
5,24,139.9883667
5,24,29.04864418
5,24,33.77078675
5,24,49.96055184
5,24,74.1724827
5,24,263.08882138
5,24,9.45352241
5,24,70.79724338
5,24,217.86057779
5,24,219.57668324
5,24,245.68257902
5,24,52.20994449
5,24,270.32711947
5,24,64.25945334
5,24,183.38859888
5,24,93.89350782
5,24,256.00609091
5,24,320.70310862
