5,1,201.22228609
5,1,171.20517153
5,1,98.75346073
5,1,279.76211422
5,1,237.37891592
5,1,81.54010409
5,1,241.57875258
5,1,275.57749514
5,1,259.41597512
5,1,124.1414976
5,1,226.53741313
5,1,260.93248934
5,1,24.5562508
5,1,113.49822464
5,1,233.84462891
5,1,266.78135131
5,1,302.39361973
5,1,141.86024975
5,1,328.93226192
5,1,274.46702501
5,1,33.23692125
5,1,178.44500027
5,1,249.34953827
5,1,155.99791894
5,1,257.44715047
5,1,240.76608501
5,1,297.73373184
5,1,221.36320024
5,1,60.14307748
5,1,297.95360822
5,1,219.15281764
5,1,226.39633222
5,1,187.78471101
5,1,247.01950269
5,1,161.43367798
5,1,111.70839312
5,1,226.53494425
5,1,296.98872053
5,1,231.69903533
5,1,165.49157748
5,1,247.80855816
5,1,216.59183711
5,1,265.12971445
5,1,204.21552188
5,1,196.63923195
5,1,163.22381773
5,1,204.01515958
5,1,332.97631085
5,1,319.89268817
5,1,297.29015356
