3,11,3045855.02896615
3,11,6921194.43982248
3,11,6999816.09813032
3,11,52682208.5583775
3,11,2025634.78797523
3,11,20690330.05954515
3,11,54547629.52258287
3,11,13690601.67211006
3,11,3446119.09483796
3,11,3167002.26269526
3,11,30253505.46051887
3,11,2609406.5116986
3,11,18520150.70026154
3,11,15837420.81029325
3,11,4679473.15681463
3,11,25748903.82362233
3,11,735041.27717454
3,11,7118832.77021209
3,11,640862.94157573
3,11,20178052.7156198
3,11,1555890.96425543
3,11,52347206.45405405
3,11,28125611.33511871
3,11,21018128.52623174
3,11,3824860.5018606
3,11,41312520.96244998
3,11,23427780.2820855
3,11,32399200.61345083
3,11,91591.47377037
3,11,2100814.62846177
