5,9,5441.07267849
5,9,6068.57543414
5,9,5564.82264538
5,9,7336.93417276
5,9,4966.78465914
5,9,29253.81658959
5,9,53762.78925606
5,9,61815.22996443
5,9,1600.19299735
5,9,49074.78014074
5,9,38075.49915091
5,9,76012.50462199
5,9,15604.1769306
5,9,26140.0485022
5,9,72476.71878847
5,9,6186.08447104
5,9,22607.13073238
5,9,8401.94224162
5,9,9654.93636744
5,9,16806.56447583
5,9,70206.45247011
5,9,9559.78218404
5,9,17525.34794032
5,9,42333.23314951
5,9,91337.68320388
5,9,86197.73253869
5,9,15043.49683215
5,9,80323.74730101
5,9,79422.10572847
5,9,101438.04720665
5,9,18198.94440684
5,9,74112.69477877
5,9,18119.01454564
5,9,22284.85676674
5,9,46047.74463701
5,9,8755.22302417
5,9,28094.91268808
5,9,14379.8624811
5,9,164722.88123516
5,9,140873.91400787
5,9,50931.31264274
5,9,61802.51722195
5,9,104312.42559789
5,9,92961.88628994
5,9,121195.71792239
5,9,3760.55162618
5,9,139696.64769115
5,9,2499.9849875
5,9,114904.04153161
5,9,45526.6696202
