5,11,16352397.53782275
5,11, 1.46174497e+08
5,11,11319068.19262248
5,11,23485688.48208438
5,11,92150548.71773145
5,11,16104295.89390446
5,11,15919744.10008407
5,11,92065743.42353004
5,11,8735909.70477161
5,11,14942760.10546002
5,11,23138937.73981286
5,11,3307316.11975425
5,11,71879188.63439058
5,11,40058246.90351221
5,11,14570923.81014248
5,11,23948655.11245697
5,11,36887950.89073436
5,11,47192799.51265779
5,11,27029980.21305956
5,11, 1.91442613e+08
5,11,97336205.04925637
5,11,38824625.16675048
5,11,56957218.35144325
5,11,42571871.55135238
5,11,29828185.45131104
5,11,70819985.81326321
5,11,19786862.79907788
5,11, 1.18109278e+08
5,11,15151151.59301945
5,11,13048666.57618298
5,11,77347669.81890884
5,11,525749.8235897
5,11,8756453.76360828
5,11,27069781.44261009
5,11,13151503.07814887
5,11,37032848.46204266
5,11,52919265.24443569
5,11,10172590.12168187
5,11,35654349.31636029
5,11,19282704.12085391
5,11,12759813.2002605
5,11,23508187.80787682
5,11,25172293.66042308
5,11,30128727.3031067
5,11,8351401.96363396
5,11,87662767.0800374
5,11,28444858.74510643
5,11,21140097.6313976
5,11,34850223.57975114
5,11,30045482.19179036
