3,19,54.01402064
3,19,81.34109495
3,19,40.91482383
3,19,33.22075564
3,19,43.83227367
3,19,81.28539227
3,19,22.27676432
3,19,48.75171803
3,19,64.38847651
3,19,122.13023813
3,19,4.27597926
3,19,12.27766964
3,19,7.02219659
3,19,44.34228532
3,19,32.68089427
3,19,74.91831827
3,19,10.9269143
3,19,2.91874901
3,19,75.38188588
3,19,53.29653915
3,19,41.19272293
3,19,19.88493004
3,19,18.71038686
3,19,4.72935959
3,19,43.20357558
3,19,31.28829271
3,19,9.55094685
3,19,137.63609864
3,19,168.77511948
3,19,90.45405015
