3,13,991.624562
3,13,366.53061895
3,13,739.44232258
3,13,766.32049202
3,13,1221.78857742
3,13,771.16441631
3,13,459.71941735
3,13,1977.53543221
3,13,999.29072565
3,13,655.08328562
3,13,290.71873582
3,13,845.78099638
3,13,1935.2996139
3,13,590.87208644
3,13,411.9342156
3,13,1979.75707719
3,13,430.13576172
3,13,1252.69785033
3,13,387.47533755
3,13,521.78216512
3,13,1366.55074968
3,13,995.5134349
3,13,406.03206555
3,13,495.2463276
3,13,1757.68689584
3,13,1167.26837788
3,13,496.86950611
3,13,780.75894626
3,13,736.69059646
3,13,1803.79655602
