3,15,2196.01411522
3,15,908.76917647
3,15,1321.44294292
3,15,257.29250303
3,15,1111.85483706
3,15,95.62810856
3,15,114.79008136
3,15,48.8469678
3,15,1198.35365309
3,15,97.95166412
3,15,46.91352843
3,15,253.58420886
3,15,966.37766396
3,15,1540.01279469
3,15,368.24846833
3,15,178.44110674
3,15,94.76944194
3,15,100.48365454
3,15,491.50545701
3,15,616.65135896
3,15,1652.00149715
3,15,927.87587308
3,15,1007.71950324
3,15,8.80152968
3,15,1459.22509747
3,15,1056.3810702
3,15,2246.03802201
3,15,948.65378297
3,15,285.29795796
3,15,1448.95063982
