5,21,961.36569676
5,21,1026.75206024
5,21,990.38664929
5,21,1019.61287379
5,21,964.73754555
5,21,1174.66088175
5,21,1000.61441969
5,21,1026.02728152
5,21,966.0888201
5,21,989.23412756
5,21,987.77178237
5,21,984.32064066
5,21,1129.58523243
5,21,996.40117167
5,21,1102.55778985
5,21,1108.68588091
5,21,1037.83601044
5,21,996.13349161
5,21,1018.25620004
5,21,1047.4188026
5,21,1040.83747287
5,21,990.89663959
5,21,996.83788647
5,21,996.99076681
5,21,960.79400361
5,21,951.81106255
5,21,983.20808524
5,21,1014.54613304
5,21,1201.36452596
5,21,936.52965407
5,21,1183.3260492
5,21,958.77846509
5,21,1054.89646164
5,21,1066.24799114
5,21,1085.70615621
5,21,945.9888803
5,21,1164.62019851
5,21,980.66518497
5,21,928.70663277
5,21,1025.82096523
5,21,938.97885943
5,21,1064.38463538
5,21,1019.13522816
5,21,980.94427204
5,21,981.458925
5,21,981.65032999
5,21,1013.48781238
5,21,1010.80373681
5,21,1018.36655863
5,21,919.3513712
