5,1,24.88937774
5,1,75.39517333
5,1,70.79221052
5,1,12.9147556
5,1,297.34153832
5,1,125.3374332
5,1,51.66433804
5,1,143.81233233
5,1,110.50007541
5,1,300.13757819
5,1,146.66736748
5,1,68.03391837
5,1,221.49842636
5,1,161.18624641
5,1,123.09947796
5,1,9.96364825
5,1,69.33807463
5,1,53.58339059
5,1,90.07987511
5,1,148.82547852
5,1,22.55653638
5,1,46.93609705
5,1,68.91092817
5,1,113.55095311
5,1,31.41745308
5,1,97.416739
5,1,1.68386927
5,1,26.58534616
5,1,62.46536762
5,1,103.84105401
5,1,2.65947746
5,1,86.53271412
5,1,44.33842003
5,1,18.70844613
5,1,140.98265427
5,1,244.51599224
5,1,54.16365196
5,1,18.99342867
5,1,106.53989765
5,1,37.76143115
5,1,3.58754245
5,1,61.77832068
5,1,34.65533812
5,1,162.7789013
5,1,137.24956111
5,1,41.14674754
5,1,144.79640003
5,1,46.10282344
5,1,22.41941199
5,1,122.269355
