5,5,1004.58533245
5,5,960.99582689
5,5,911.10791883
5,5,918.59455149
5,5,938.29910182
5,5,913.26860114
5,5,963.63736645
5,5,997.88166929
5,5,1002.42646147
5,5,1000.28745945
5,5,1009.93227632
5,5,1124.40528215
5,5,968.4359755
5,5,914.57319685
5,5,962.46329901
5,5,875.09822367
5,5,988.85933812
5,5,976.10205498
5,5,1030.68535952
5,5,928.19370791
5,5,1048.74942097
5,5,742.01361614
5,5,996.91144263
5,5,945.18367353
5,5,1021.61424839
5,5,957.94148916
5,5,858.76740897
5,5,978.68774028
5,5,1022.91639849
5,5,933.82290636
5,5,1021.87713098
5,5,1046.76677947
5,5,988.41494004
5,5,913.33399984
5,5,1050.66901739
5,5,1024.80040926
5,5,993.72711479
5,5,985.88195402
5,5,931.21927154
5,5,887.74659331
5,5,1060.3660232
5,5,1020.99451523
5,5,1118.9825295
5,5,1003.08786825
5,5,1100.06752351
5,5,945.92187202
5,5,1008.56730321
5,5,980.27431125
5,5,957.65304355
5,5,928.74267133
