5,16,271.61364332
5,16,360.88294461
5,16,282.72535701
5,16,425.03162032
5,16,351.66545024
5,16,692.16662402
5,16,375.47527228
5,16,438.63904224
5,16,404.53913163
5,16,434.33896282
5,16,541.67772102
5,16,376.09009546
5,16,407.24811897
5,16,357.40999008
5,16,387.99170301
5,16,364.60143908
5,16,365.01505149
5,16,357.95878518
5,16,360.10486293
5,16,359.29635946
5,16,266.83916501
5,16,212.79689832
5,16,572.80947305
5,16,516.6447284
5,16,495.86315718
5,16,384.27469675
5,16,517.74952104
5,16,326.3217935
5,16,489.12872714
5,16,615.79659973
5,16,339.31737668
5,16,349.11390194
5,16,320.60889956
5,16,411.28716954
5,16,334.3282202
5,16,206.9823605
5,16,361.71607136
5,16,397.81910047
5,16,451.7155605
5,16,331.38130207
5,16,396.49371492
5,16,566.62244738
5,16,393.0362256
5,16,342.93805078
5,16,240.28732314
5,16,474.96428199
5,16,407.47301902
5,16,329.01224534
5,16,417.02134789
5,16,349.40960453
