5,1,121.1134427
5,1,61.69663495
5,1,34.09198864
5,1,77.61816587
5,1,34.97862499
5,1,2.02074959
5,1,53.28302866
5,1,17.48572191
5,1,72.81954547
5,1,2.87592409
5,1,78.44957492
5,1,77.71472778
5,1,34.18233523
5,1,49.31599859
5,1,81.97210587
5,1,96.89772881
5,1,46.14249869
5,1,49.40863506
5,1,11.50245437
5,1,256.17772084
5,1,92.96172634
5,1,102.5052274
5,1,44.62656647
5,1,2.08181341
5,1,62.79623247
5,1,111.89447686
5,1,66.10196556
5,1,26.78669042
5,1,14.80570265
5,1,25.50813146
5,1,56.29871633
5,1,149.68996419
5,1,17.73970034
5,1,66.94836229
5,1,152.67963427
5,1,73.94899027
5,1,58.70694271
5,1,4.91830802
5,1,16.15805219
5,1,61.41318783
5,1,38.01324453
5,1,97.36236216
5,1,33.06049652
5,1,151.97452696
5,1,43.00161364
5,1,28.79738151
5,1,6.86187157
5,1,4.44737499
5,1,19.60387036
5,1,115.18812931
