5,7,672.65362796
5,7,212.18127236
5,7,960.16464929
5,7,737.22248223
5,7,269.00066505
5,7,743.59846993
5,7,719.34936289
5,7,260.73778902
5,7,873.03623823
5,7,562.97590965
5,7,217.14830063
5,7,848.69158787
5,7,853.22110848
5,7,961.94020834
5,7,24.92039776
5,7,593.22940522
5,7,332.57104847
5,7,987.38405418
5,7,931.21561875
5,7,4.41243431
5,7,332.11125148
5,7,1076.6829542
5,7,38.71891717
5,7,298.8877286
5,7,34.10916767
5,7,198.66496315
5,7,96.70781541
5,7,1220.69493518
5,7,227.54880637
5,7,388.53740812
5,7,911.35237438
5,7,40.88905923
5,7,82.9004568
5,7,108.5375132
5,7,377.23927545
5,7,416.73385649
5,7,536.6703082
5,7,1053.58735177
5,7,927.80300452
5,7,854.10358904
5,7,258.2370654
5,7,927.61320996
5,7,498.9028112
5,7,100.71487078
5,7,367.38413314
5,7,7.60330459
5,7,317.26748946
5,7,556.25921123
5,7,455.12648889
5,7,302.01609365
