3,9,9808.90418872
3,9,23652.81207256
3,9,12267.40677587
3,9,17336.71370578
3,9,47981.26923333
3,9,8439.01256805
3,9,59949.0562521
3,9,15146.11955336
3,9,20101.97359127
3,9,16528.72960429
3,9,22053.73144116
3,9,2119.00523616
3,9,65252.37514643
3,9,29293.3278065
3,9,26136.18634732
3,9,19134.90203922
3,9,12803.11459797
3,9,36223.57464747
3,9,8707.41883619
3,9,17129.18930805
3,9,52464.49129238
3,9,17776.70468393
3,9,215528.23409562
3,9,5476.26208424
3,9,29478.00156046
3,9,7864.6418909
3,9,13955.71070251
3,9,935.26701085
3,9,20351.27341214
3,9,20106.4778254
