5,4,58.76976608
5,4,1931.9725634
5,4,929.74181387
5,4,193.23377068
5,4,276.78749104
5,4,454.98501143
5,4,14.03729412
5,4,437.74240513
5,4,1134.33674736
5,4,298.28618771
5,4,302.18377572
5,4,306.72925343
5,4,403.29757201
5,4,1133.25545566
5,4,134.29179465
5,4,286.99471386
5,4,1094.89771991
5,4,181.53989199
5,4,653.97543762
5,4,896.55383931
5,4,2119.89104762
5,4,388.44580834
5,4,238.32549235
5,4,769.18283017
5,4,3056.88156454
5,4,1658.03879808
5,4,243.90249124
5,4,358.01701235
5,4,812.17907301
5,4,1074.75648453
5,4,320.40635571
5,4,232.84163146
5,4,581.07008281
5,4,345.87893335
5,4,299.29541312
5,4,84.44572335
5,4,1050.11225569
5,4,71.89853533
5,4,413.03136974
5,4,365.38224138
5,4,598.31667501
5,4,271.06012319
5,4,399.56357292
5,4,84.59925961
5,4,735.94961047
5,4,65.26843293
5,4,2413.16514871
5,4,234.77214038
5,4,58.58936661
5,4,174.80000683
