3,2,12890686.75554985
3,2,23192458.41603903
3,2,10281278.71181726
3,2,3840210.56469144
3,2,873981.93911831
3,2,2661770.05887287
3,2,12646102.31210326
3,2,1281324.09828886
3,2,1790560.63472358
3,2,6195497.53252947
3,2,2303125.91745632
3,2,30665504.21531166
3,2,5690299.51599095
3,2,3923201.16864405
3,2,32136713.08437838
3,2,1031679.64485487
3,2,1938134.52758738
3,2,3060756.98320493
3,2,349056.37322503
3,2,46294160.73708004
3,2,5031871.32737257
3,2,4951800.9454089
3,2,2880240.10016852
3,2,23518585.23691956
3,2,2888494.86663765
3,2,2207346.47713811
3,2,2404139.02268976
3,2,22792712.74997807
3,2,56260461.37658852
3,2,3896085.03695351
