5,24,83.17067334
5,24,56.99117515
5,24,5.34636985
5,24,72.33016752
5,24,68.41983247
5,24,99.43005912
5,24,105.58405258
5,24,196.0278426
5,24,220.60740205
5,24,35.36238217
5,24,121.66096809
5,24,31.44606521
5,24,37.03364992
5,24,19.84355627
5,24,56.72210166
5,24,81.0253602
5,24,47.04314334
5,24,2.78416686
5,24,112.87414621
5,24,212.91713098
5,24,142.7546456
5,24,155.25424883
5,24,117.6177087
5,24,182.54274848
5,24,9.68158591
5,24,146.87941947
5,24,284.84079765
5,24,256.11820634
5,24,313.05929504
5,24,455.62173338
5,24,41.47206637
5,24,217.75882462
5,24,277.87581477
5,24,115.65344074
5,24,122.52269432
5,24,289.23473012
5,24,364.54182523
5,24,21.76728702
5,24,62.31036775
5,24,243.89470972
5,24,165.8715207
5,24,363.42337551
5,24,208.87751494
5,24,106.00986648
5,24,49.81211087
5,24,197.78872805
5,24,49.36475555
5,24,283.73405251
5,24,109.92382375
5,24,84.64073985
