3,19,162.97029059
3,19,153.5832931
3,19,77.28137893
3,19,43.47917937
3,19,84.01468961
3,19,54.69442094
3,19,469.84994327
3,19,36.6349498
3,19,67.9077187
3,19,119.35940012
3,19,19.32211837
3,19,51.89908933
3,19,97.69410453
3,19,53.58037922
3,19,12.89754039
3,19,134.25514646
3,19,53.2143331
3,19,72.19143387
3,19,98.1222465
3,19,72.34185319
3,19,67.09229075
3,19,89.34647082
3,19,40.08944853
3,19,55.15979954
3,19,54.96716433
3,19,60.88273059
3,19,82.07380688
3,19,53.96736281
3,19,177.69760437
3,19,147.94406458
