5,1,125.01359574
5,1,28.24096561
5,1,28.98404795
5,1,77.26966751
5,1,106.41777597
5,1,93.55608576
5,1,65.52547027
5,1,13.59221832
5,1,59.18765205
5,1,109.5867291
5,1,13.38042329
5,1,145.28248668
5,1,78.54982842
5,1,40.06827578
5,1,100.54404336
5,1,3.55220422
5,1,103.54563622
5,1,123.19831878
5,1,84.94819393
5,1,18.95190144
5,1,110.05003862
5,1,63.98463417
5,1,119.82689862
5,1,36.78994901
5,1,124.16023608
5,1,97.23933922
5,1,38.81611563
5,1,132.69136082
5,1,111.21649737
5,1,5.31055406
5,1,83.7562505
5,1,153.99798665
5,1,88.68014879
5,1,148.9852021
5,1,42.39809337
5,1,73.52595552
5,1,113.89175465
5,1,108.09324927
5,1,5.28727567
5,1,82.17968864
5,1,56.66335065
5,1,122.46471197
5,1,51.17802601
5,1,120.17128201
5,1,22.11586303
5,1,42.40727408
5,1,113.86162552
5,1,181.06114402
5,1,11.56332659
5,1,1.54040426
