5,10,12645465.72004005
5,10,1101560.3856034
5,10,7601152.61227831
5,10,559378.88519646
5,10,18910598.96420567
5,10,29377606.43462901
5,10,18780974.83626176
5,10,7923357.13152127
5,10,12249115.70606881
5,10,17375402.83606651
5,10,14133278.38313352
5,10,5078637.43389365
5,10,13050735.40765374
5,10,15679806.31279678
5,10,1073447.96902022
5,10,37663007.47351097
5,10,3558181.93670033
5,10,7061811.32216704
5,10,3516237.60902115
5,10,12981953.19396716
5,10,19109828.63397893
5,10,22248733.07821207
5,10,6818319.3316112
5,10,2537470.96651344
5,10,15454364.25112919
5,10,31668578.88872176
5,10,32071746.00476199
5,10,7673132.40610062
5,10,3085898.67115853
5,10,11366465.29711331
5,10,9060307.98634679
5,10,18975575.28845748
5,10,8830857.45995914
5,10,2742707.6373797
5,10,37016997.34534721
5,10,3006941.41682294
5,10,12102755.70109936
5,10,4451567.66932959
5,10,7577833.73181421
5,10,9790293.97488474
5,10,37836345.99828212
5,10,15199557.94017038
5,10,4169517.51668665
5,10,13559165.56511847
5,10,9290841.76979259
5,10,2273091.44890514
5,10,11135629.94961459
5,10,7379528.95586229
5,10,66976626.86608945
5,10,8357186.13482854
