3,11,2846645.50168668
3,11,35247919.75127906
3,11,1378371.92572041
3,11,9606614.36106612
3,11,2791069.04272581
3,11,4057471.65977762
3,11,10744812.80554185
3,11,36010840.25920813
3,11,21578165.90417462
3,11,239573.67670526
3,11,16759499.42832734
3,11,792247.24005053
3,11,45896041.60275011
3,11,21808190.5029799
3,11,3982949.21477327
3,11,2815651.95421223
3,11,6221223.83947766
3,11,255704.64671663
3,11,1945884.48937586
3,11,685238.13714662
3,11,2986315.18349481
3,11,1391276.61228262
3,11,19396421.49561602
3,11,10099141.86749742
3,11,33017659.56168802
3,11,14448354.22072695
3,11,30809597.20475922
3,11,3639944.14935774
3,11,31861370.07106102
3,11,10644216.11946996
