3,3,407.70860592
3,3,318.81484256
3,3,263.37688591
3,3,3879.04731414
3,3,347.37214855
3,3,2647.18624399
3,3,136.0676843
3,3,1871.42339745
3,3,512.66567112
3,3,2329.64199088
3,3,93.41588535
3,3,1275.64090697
3,3,4615.95859658
3,3,2917.11819576
3,3,1213.54533817
3,3,96.87400073
3,3,5352.41321625
3,3,246.15877328
3,3,193.81664628
3,3,287.33533558
3,3,3662.33084516
3,3,423.89717476
3,3,2203.28135596
3,3,113.86184389
3,3,1574.31530239
3,3,1260.87664408
3,3,260.26398394
3,3,272.61016573
3,3,359.69185216
3,3,52.32986994
