3,12,44521281.73525034
3,12,40818716.49240993
3,12,61024671.79118548
3,12,7548377.43901001
3,12,66146108.1961994
3,12,89320657.32429925
3,12,61222997.59570517
3,12,3517914.46198045
3,12,74954375.74771217
3,12, 1.15198177e+08
3,12,97163437.07098134
3,12,23548528.99146304
3,12, 1.09709117e+08
3,12,62781580.53225952
3,12,56172316.61531464
3,12,62735323.51530857
3,12,55475925.6090852
3,12,30543427.92326852
3,12,71350083.89369068
3,12,38103382.44607242
3,12,5444425.86090791
3,12,90128238.24397868
3,12,6764596.6244832
3,12,9788229.19798641
3,12,34749282.59646681
3,12,48436142.39566219
3,12,78533302.60274702
3,12,60995125.29360642
3,12,58674440.44542693
3,12, 1.93628866e+08
