5,2,4407448.92189087
5,2,17712708.93387729
5,2,2414959.75987783
5,2,3320598.3599109
5,2,23470706.09227308
5,2,10331240.6061941
5,2,1564293.01866244
5,2,3223225.27852785
5,2,6204120.42934623
5,2,16453585.10225756
5,2,2792252.59911748
5,2,2061679.54370387
5,2,9984448.46175906
5,2,3556892.79305112
5,2,14829577.1719478
5,2,11772702.19040464
5,2,559813.99184678
5,2,5363259.35292776
5,2,3721449.09862291
5,2,15994597.80004444
5,2,19712072.43408585
5,2,29315.40554785
5,2,3926622.97068939
5,2,809235.5760098
5,2,4184058.38213511
5,2,1777516.76006928
5,2,17093238.83405801
5,2,1587914.20195924
5,2,12619021.44418008
5,2,6649195.71398232
5,2,2055659.40196046
5,2,646470.91192563
5,2,350789.84169742
5,2,1423735.30419656
5,2,2424057.18658926
5,2,9234726.57105843
5,2,224058.40187923
5,2,22750443.862819
5,2,5103923.02926548
5,2,1432276.14043411
5,2,3074389.70603384
5,2,2695486.72856246
5,2,3930111.17643037
5,2,16639696.04629368
5,2,16134411.43824953
5,2,3837559.71220276
5,2,2850198.74296144
5,2,11355469.62033709
5,2,5007651.20970118
5,2,7553080.71139497
