3,6,261200.94904015
3,6,52903.99907436
3,6,29690.53059251
3,6,34839.16248129
3,6,100436.18175068
3,6,109452.52808382
3,6,184797.58473979
3,6,11948.04777365
3,6,19370.31294067
3,6,396744.159989
3,6,137626.54183445
3,6,98799.70042157
3,6,86821.06433747
3,6,361419.14784582
3,6,3376.45450067
3,6,703465.73779899
3,6,32246.01736037
3,6,55058.9859169
3,6,182234.94641338
3,6,372644.11550276
3,6,72911.5600175
3,6,30368.61843134
3,6,65350.04930036
3,6,77574.80071938
3,6,134217.23756013
3,6,34587.71980412
3,6,19018.19411455
3,6,47769.46978293
3,6,138878.80792294
3,6,136256.39304231
