3,12,57492483.3501602
3,12, 9.23400306e+08
3,12,33348885.1675389
3,12,59342140.8105251
3,12,78231675.60225198
3,12, 1.12871539e+08
3,12, 2.85268204e+08
3,12,45003897.55732626
3,12,26803983.38354156
3,12,43389861.43100189
3,12,56448807.74052249
3,12, 1.82486899e+08
3,12, 2.76274367e+08
3,12, 1.19412991e+08
3,12,28500568.06362689
3,12,27179804.3025208
3,12, 3.28229859e+09
3,12,45831986.97158462
3,12, 1.46879705e+08
3,12,91359871.23296168
3,12, 1.03620067e+08
3,12, 1.26483097e+08
3,12, 3.44600071e+09
3,12,56306364.92327684
3,12,59393828.80620804
3,12, 1.15770058e+08
3,12,94101232.98078936
3,12, 2.42670416e+09
3,12,35644834.35748843
3,12,86185279.39485499
