5,22,1654.52639893
5,22,1353.64820332
5,22,1352.92066521
5,22,2671.73875113
5,22,3121.86533661
5,22,1585.36332042
5,22,1447.51360538
5,22,1497.17633337
5,22,1331.73861411
5,22,1708.11000353
5,22,2398.7022912
5,22,1266.82084891
5,22,1624.65755493
5,22,2436.08805555
5,22,2748.25211919
5,22,1084.04708338
5,22,1489.61863314
5,22,1524.20623337
5,22,2670.10134765
5,22,1179.67092613
5,22,1340.91210123
5,22,2865.74082196
5,22,1605.44046962
5,22,1695.66959491
5,22,1209.3287522
5,22,1943.62600014
5,22,1371.66558102
5,22,1302.91438648
5,22,1113.6461954
5,22,1979.62856513
5,22,1124.08342191
5,22,2836.17806924
5,22,1194.78040883
5,22,1289.22003853
5,22,2549.31594924
5,22,1674.23266828
5,22,2031.01170367
5,22,1149.78207571
5,22,2368.85510942
5,22,1333.04263318
5,22,1881.18607308
5,22,1237.63585817
5,22,1889.28615304
5,22,1536.34122189
5,22,2275.06448825
5,22,1187.27533729
5,22,1376.3279362
5,22,1215.41331202
5,22,1037.91149946
5,22,1543.31491109
