5,8,18595.44657456
5,8,46695.05943937
5,8,35832.44047812
5,8,186005.82786569
5,8,7691.20693672
5,8,19032.95804592
5,8,317524.57484317
5,8,331084.02358824
5,8,4939.39405263
5,8,210073.33918682
5,8,2503.40750757
5,8,164263.38546739
5,8,7314.84229658
5,8,117501.02128873
5,8,45038.50461582
5,8,132510.84524907
5,8,10845.27730732
5,8,90884.24407074
5,8,390309.50178819
5,8,1518.80240458
5,8,31124.35845474
5,8,30335.40158831
5,8,327977.74277383
5,8,4635.75925808
5,8,62950.91349353
5,8,351702.11717064
5,8,315030.2432732
5,8,49617.66572251
5,8,17908.033457
5,8,24071.87741376
5,8,56576.83331719
5,8,28814.38742992
5,8,3464.98541398
5,8,31129.29437799
5,8,94543.88679765
5,8,10540.69654916
5,8,281308.71213125
5,8,6080.08268534
5,8,43473.84601024
5,8,808.04421407
5,8,26010.64683151
5,8,31534.94765679
5,8,284112.23959494
5,8,11443.19373386
5,8,22890.14993315
5,8,363151.30656621
5,8,91424.74384975
5,8,39115.38219588
5,8,438835.6965639
5,8,31300.18368341
