5,21,8.2515324
5,21,84.69538059
5,21,98.54180876
5,21,122.96268498
5,21,135.01208618
5,21,80.02192791
5,21,106.00086317
5,21,52.12363916
5,21,76.3301254
5,21,71.64104933
5,21,15.42605552
5,21,118.46438652
5,21,38.69585938
5,21,96.33499994
5,21,22.74105314
5,21,158.70262137
5,21,133.6677289
5,21,87.86566104
5,21,98.64009684
5,21,119.74602173
5,21,112.42678928
5,21,142.04654198
5,21,66.50667697
5,21,99.17913663
5,21,129.05552817
5,21,76.27883594
5,21,58.56936137
5,21,6.88813208
5,21,96.61824887
5,21,86.8810447
5,21,159.60128842
5,21,137.51478718
5,21,147.36235542
5,21,71.81946038
5,21,148.21722489
5,21,132.7256999
5,21,80.05171501
5,21,46.76010984
5,21,69.47025619
5,21,115.21757484
5,21,49.80596674
5,21,38.49500961
5,21,156.22018307
5,21,100.71180434
5,21,104.58967794
5,21,104.22461902
5,21,105.55581007
5,21,19.51648802
5,21,96.98998985
5,21,9.51413332
