5,17,204.35430932
5,17,29.95900646
5,17,28.35318013
5,17,49.8662661
5,17,52.78476988
5,17,43.01357027
5,17,14.14761163
5,17,60.12090437
5,17,35.16505314
5,17,53.38215703
5,17,186.81410631
5,17,41.98520519
5,17,18.45538218
5,17,320.71620687
5,17,91.65401157
5,17,83.71454482
5,17,518.69445266
5,17,77.37802085
5,17,16.6196682
5,17,46.39094315
5,17,75.4082731
5,17,9.4093638
5,17,73.40607818
5,17,78.93054539
5,17,90.2099552
5,17,180.75148881
5,17,97.74423183
5,17,175.31557746
5,17,37.52982185
5,17,43.0077949
5,17,69.29336502
5,17,26.53013818
5,17,31.10871993
5,17,49.4759277
5,17,58.47282882
5,17,78.39935521
5,17,121.77728777
5,17,86.4520996
5,17,77.30667975
5,17,58.04388692
5,17,29.53860536
5,17,7.678817
5,17,182.03337668
5,17,18.60745328
5,17,39.52894502
5,17,103.1879257
5,17,106.95617626
5,17,32.75796748
5,17,173.88360423
5,17,65.46346172
