3,13,456.85708858
3,13,325.16607391
3,13,498.74189254
3,13,184.13620701
3,13,277.28340942
3,13,342.64452174
3,13,267.06975106
3,13,411.77610093
3,13,507.35460337
3,13,1321.73626751
3,13,659.85565061
3,13,311.21865348
3,13,190.36768189
3,13,564.84121043
3,13,128.45913512
3,13,328.07863327
3,13,126.24231601
3,13,310.27896296
3,13,240.06894532
3,13,207.20850877
3,13,839.80634734
3,13,411.45670788
3,13,122.96964482
3,13,342.67655758
3,13,532.33311459
3,13,118.14360011
3,13,317.6615855
3,13,916.66098377
3,13,1345.08117965
3,13,735.02355182
