3,20,11868.28073531
3,20,43684.21540818
3,20,12542.02879331
3,20,76189.75485325
3,20,50465.30376898
3,20,7257.1353822
3,20,53861.49798538
3,20,5230.33980774
3,20,27955.2891784
3,20,9976.43394619
3,20,69762.75795402
3,20,11361.37906026
3,20,3108.00969206
3,20,44138.45885609
3,20,16950.96843887
3,20,10451.697921
3,20,4278.97693943
3,20,21355.03458668
3,20,9904.57002685
3,20,31898.13871766
3,20,16085.78241377
3,20,43779.92090394
3,20,1098.89864843
3,20,47860.92707395
3,20,31988.05740189
3,20,20479.91139773
3,20,8645.5536514
3,20,6367.96551551
3,20,13726.53012813
3,20,101585.88103429
