3,11,37331710.82865074
3,11,39315773.15569243
3,11,17207125.71197333
3,11,35710435.88144837
3,11,15479468.80448369
3,11,17341270.89671956
3,11,32519530.15656378
3,11,73895914.36067721
3,11,20162346.57759694
3,11,71826984.03560734
3,11,28410823.50841429
3,11,5013413.30922548
3,11,3536156.60560922
3,11,3893769.72014879
3,11,1328853.75880145
3,11,2065813.02540624
3,11,2166421.50317866
3,11,42007927.89792009
3,11,13884689.11711555
3,11,63866287.03663944
3,11,17454526.19985833
3,11,4254955.8552869
3,11,19962002.59316413
3,11,2290004.36318247
3,11,17578916.19355394
3,11,39283484.08734988
3,11,44299570.95697722
3,11,16393454.3725526
3,11,1632911.27869003
3,11,20796971.29865073
