5,8,15348.03030425
5,8,37965.16036838
5,8,2915.15721821
5,8,62966.83593717
5,8,70168.69360091
5,8,218740.88330082
5,8,133399.52992543
5,8,63655.74755107
5,8,161551.38852711
5,8,228548.01833854
5,8,55986.58108784
5,8,17413.98389186
5,8,49600.77625882
5,8,103982.32098725
5,8,52075.7385417
5,8,219122.03899242
5,8,93990.84788764
5,8,180538.72899158
5,8,37713.29333251
5,8,234182.506842
5,8,8834.65991774
5,8,197781.83721569
5,8,66064.54173603
5,8,1111.51232663
5,8,6666.54103359
5,8,19544.92258463
5,8,22482.56391203
5,8,308407.82662257
5,8,134066.29393223
5,8,226575.14948275
5,8,439560.55083959
5,8,278910.19562305
5,8,5415.47191763
5,8,55495.50200663
5,8,121719.01794729
5,8,123836.4428719
5,8,131663.3789712
5,8,131280.4521991
5,8,12240.86712454
5,8,123119.25212302
5,8,26245.46743953
5,8,2707.77721661
5,8,239337.97072971
5,8,49573.40624036
5,8,70937.69454945
5,8,65957.04192253
5,8,25548.78672126
5,8,261927.67985818
5,8,53157.17122917
5,8,56258.75038572
