3,15,535.0661955
3,15,992.56691651
3,15,439.50937215
3,15,153.63058133
3,15,106.34444307
3,15,812.09585393
3,15,2967.25896882
3,15,1496.06819435
3,15,1748.44276227
3,15,2090.33341348
3,15,987.52625523
3,15,788.02957642
3,15,1575.2663184
3,15,2969.92953318
3,15,422.17663136
3,15,765.80317152
3,15,1534.63209061
3,15,192.10251387
3,15,418.59977211
3,15,2201.23730395
3,15,1733.61673708
3,15,593.48023182
3,15,383.59811685
3,15,204.10698108
3,15,899.38111634
3,15,381.36965223
3,15,78.20928468
3,15,317.72485006
3,15,166.44531366
3,15,2321.02819456
