5,23,110.50071711
5,23,101.64363846
5,23,123.87263846
5,23,108.97339175
5,23,103.26158769
5,23,106.63088318
5,23,109.49274909
5,23,88.19152347
5,23,114.13878842
5,23,110.01594781
5,23,102.73382524
5,23,109.47983525
5,23,88.17447543
5,23,93.85342499
5,23,110.57440972
5,23,90.00180564
5,23,129.74284563
5,23,95.24495287
5,23,102.52584685
5,23,100.59066282
5,23,82.71514179
5,23,99.4429004
5,23,98.22868304
5,23,111.37157225
5,23,102.75688525
5,23,92.74080233
5,23,94.71630338
5,23,130.82533502
5,23,79.66985616
5,23,105.71161087
5,23,102.97854465
5,23,103.42785038
5,23,132.44304484
5,23,102.66712328
5,23,121.15115317
5,23,82.78753889
5,23,93.05312557
5,23,77.71741614
5,23,124.37622764
5,23,78.21219559
5,23,116.77716614
5,23,117.09147478
5,23,121.01052154
5,23,110.47998322
5,23,127.84420048
5,23,108.27056208
5,23,59.48546538
5,23,91.33645559
5,23,122.32643358
5,23,122.30428901
