3,14,59.85883345
3,14,14.94500976
3,14,102.07681057
3,14,38.29557737
3,14,72.86139484
3,14,54.77949753
3,14,50.05412454
3,14,31.5204731
3,14,45.96885443
3,14,133.38092755
3,14,69.30412556
3,14,3.27445299
3,14,39.9376171
3,14,52.58257879
3,14,14.42575457
3,14,25.95765107
3,14,17.13760314
3,14,83.21422423
3,14,135.26491321
3,14,12.24663744
3,14,13.83293344
3,14,39.44641583
3,14,26.48063615
3,14,22.87467743
3,14,243.1507049
3,14,27.84699286
3,14,59.58407442
3,14,50.83195612
3,14,29.09806194
3,14,15.85438987
