3,5,736.45658553
3,5,733.1859254
3,5,697.58751857
3,5,661.12564176
3,5,733.78166947
3,5,634.31792363
3,5,716.29326442
3,5,667.26410176
3,5,735.6064974
3,5,690.9869293
3,5,650.52055956
3,5,730.56144277
3,5,741.07931763
3,5,704.70617141
3,5,567.65827771
3,5,653.48855242
3,5,682.15104359
3,5,671.16742961
3,5,733.72883501
3,5,682.82315738
3,5,699.09171595
3,5,624.5025731
3,5,665.45905579
3,5,730.00919896
3,5,751.76496873
3,5,732.83223165
3,5,667.56796198
3,5,710.67429833
3,5,713.15185903
3,5,627.53686945
