5,23,186.21010138
5,23,190.21056535
5,23,188.86679852
5,23,195.43441726
5,23,232.17316826
5,23,220.1665955
5,23,205.93513454
5,23,203.86865816
5,23,188.47920592
5,23,202.35711529
5,23,190.25377784
5,23,201.26573767
5,23,180.89173013
5,23,209.46057008
5,23,224.92142567
5,23,224.88330469
5,23,235.8398077
5,23,195.97936155
5,23,201.17438193
5,23,184.17218789
5,23,202.63782449
5,23,224.22626234
5,23,197.45147627
5,23,217.40016192
5,23,183.41177996
5,23,208.05195546
5,23,184.70793609
5,23,193.87444968
5,23,198.70004339
5,23,196.0610157
5,23,201.01317127
5,23,200.91509434
5,23,205.80911466
5,23,217.82566981
5,23,195.51397258
5,23,211.53422321
5,23,203.88058688
5,23,176.44121324
5,23,197.62170324
5,23,194.1232127
5,23,196.11782222
5,23,203.84880285
5,23,197.6627323
5,23,213.04603019
5,23,185.48037547
5,23,206.37823292
5,23,194.78526433
5,23,224.36882853
5,23,227.59358647
5,23,191.13265637
