3,12,43699331.91574244
3,12, 1.13052921e+08
3,12,78244606.42125078
3,12,36677164.6217263
3,12, 1.20047962e+08
3,12, 1.83863568e+08
3,12,3079805.19378937
3,12,98075642.1405133
3,12,69051307.91193706
3,12, 1.25105143e+08
3,12, 2.16569817e+08
3,12,53572170.12179539
3,12, 3.25459982e+08
3,12, 1.66772882e+08
3,12, 1.99579362e+08
3,12,48716463.50554625
3,12,85111243.66986491
3,12,52424692.41652739
3,12, 2.62291550e+08
3,12,92788197.49765177
3,12, 1.62903213e+08
3,12, 3.41462060e+08
3,12, 8.62636517e+08
3,12, 3.93475706e+08
3,12, 1.44477112e+08
3,12,65057253.37978186
3,12, 1.91988725e+08
3,12, 3.75197170e+08
3,12,63251292.95985034
3,12,16494435.75210847
