5,6,181737.48452413
5,6,27390.89205957
5,6,34811.07670213
5,6,286518.13214632
5,6,13376.06726553
5,6,200.78490168
5,6,125483.70358528
5,6,338188.60857532
5,6,191174.01085461
5,6,263774.55507721
5,6,82399.52470724
5,6,13792.20659538
5,6,263286.25040171
5,6,417369.54068234
5,6,123942.75711313
5,6,450148.99517363
5,6,66869.44712419
5,6,257707.34661133
5,6,14958.63484256
5,6,248818.73890737
5,6,292261.14756206
5,6,9035.72614834
5,6,38096.46554791
5,6,3990.00847106
5,6,135387.1885688
5,6,108220.9922477
5,6,326924.25394501
5,6,34418.33006935
5,6,327784.39449052
5,6,93236.822724
5,6,36242.31050365
5,6,329478.59758111
5,6,62132.417395
5,6,310974.16627629
5,6,42717.4436685
5,6,475902.09413905
5,6,46577.0687487
5,6,15158.13213318
5,6,41815.76712161
5,6,85363.6417255
5,6,11123.10719441
5,6,1897.25582324
5,6,55017.22705418
5,6,345433.06487564
5,6,22195.08084421
5,6,195708.15710086
5,6,3819.43113997
5,6,101601.6402392
5,6,334572.49370675
5,6,98312.52423525
