3,17,652.81474277
3,17,610.81177483
3,17,653.6884024
3,17,655.01061495
3,17,621.10706774
3,17,668.08066737
3,17,543.93523672
3,17,579.11181893
3,17,661.66177066
3,17,643.04257539
3,17,661.53112516
3,17,640.77052639
3,17,628.57923113
3,17,621.84421975
3,17,646.18042977
3,17,639.54432727
3,17,672.35158126
3,17,660.30039958
3,17,603.81833323
3,17,634.54974173
3,17,648.55354483
3,17,604.9661402
3,17,570.65175063
3,17,601.4082783
3,17,612.13223092
3,17,677.27837386
3,17,681.7393366
3,17,616.01577943
3,17,633.52424112
3,17,595.69628377
