3,14,207.78936282
3,14,15.90730527
3,14,76.07959824
3,14,93.07881332
3,14,122.93939307
3,14,96.6352401
3,14,29.90128491
3,14,60.74145489
3,14,57.43813252
3,14,86.14985948
3,14,55.22121126
3,14,14.53979162
3,14,106.69597828
3,14,146.16426825
3,14,70.80536221
3,14,92.44067932
3,14,33.32566838
3,14,63.72527806
3,14,89.65351036
3,14,54.32980514
3,14,138.23963856
3,14,71.7473898
3,14,235.21096146
3,14,195.80267004
3,14,57.16073365
3,14,137.45177232
3,14,61.66027226
3,14,50.88287238
3,14,63.43535425
3,14,66.63621114
