5,24,951.28966634
5,24,756.69082099
5,24,1056.20039082
5,24,707.68065531
5,24,858.97989071
5,24,751.65421668
5,24,831.35228007
5,24,747.69488037
5,24,939.54423038
5,24,925.18894903
5,24,789.80849394
5,24,817.27085859
5,24,946.886903
5,24,805.79254206
5,24,814.42035697
5,24,1020.50786344
5,24,848.52717077
5,24,895.83577915
5,24,874.71195931
5,24,820.30401654
5,24,781.16113812
5,24,1042.24059979
5,24,1003.66947017
5,24,902.65723761
5,24,734.68812599
5,24,886.34596529
5,24,712.68930852
5,24,759.36100248
5,24,981.59809732
5,24,794.7484321
5,24,776.0885369
5,24,851.48735953
5,24,802.14385414
5,24,923.17716979
5,24,822.60766513
5,24,977.72895765
5,24,832.5323825
5,24,1025.270735
5,24,1062.05627838
5,24,764.95315833
5,24,936.38266465
5,24,941.61851401
5,24,706.69277637
5,24,782.2359792
5,24,822.28284749
5,24,819.86892462
5,24,840.74834809
5,24,1122.86114936
5,24,771.8907651
5,24,790.62898683
