5,17,95.29371189
5,17,24.81424934
5,17,15.4238847
5,17,15.84929313
5,17,74.14402768
5,17,3.7393756
5,17,16.80702045
5,17,28.96746634
5,17,54.61913569
5,17,4.74759686
5,17,6.0389897
5,17,14.31110229
5,17,66.58617666
5,17,6.48142817
5,17,64.72960851
5,17,10.11438691
5,17,5.36526744
5,17,1.24734454
5,17,171.62893053
5,17,82.83159179
5,17,140.29858563
5,17,67.25582232
5,17,21.00536566
5,17,6.71004977
5,17,3.09619298
5,17,54.368792
5,17,41.80312373
5,17,8.26630425
5,17,88.15169994
5,17,80.32483516
5,17,33.7434621
5,17,92.15476818
5,17,66.77242631
5,17,42.67238262
5,17,50.94109059
5,17,3.05913864
5,17,20.71666929
5,17,105.12300127
5,17,158.93151328
5,17,84.06623461
5,17,7.34313031
5,17,22.73254274
5,17,138.96534793
5,17,74.17022466
5,17,13.4020591
5,17,51.59830324
5,17,9.86414568
5,17,38.0729007
5,17,179.63513942
5,17,38.20852984
