5,4,880.11122694
5,4,6176.70965448
5,4,1089.8496458
5,4,8379.24201342
5,4,1059.24132269
5,4,1178.18474715
5,4,838.07342627
5,4,218.90327253
5,4,804.25287571
5,4,3661.92063741
5,4,837.64569984
5,4,976.33026113
5,4,854.89229429
5,4,813.92913351
5,4,1088.56011866
5,4,512.77771258
5,4,952.35106519
5,4,869.90469983
5,4,998.03284134
5,4,1424.25481659
5,4,918.57608392
5,4,6524.08490341
5,4,962.75766624
5,4,856.20958475
5,4,1085.75942285
5,4,11093.39045263
5,4,3067.56408991
5,4,880.79800258
5,4,1034.66394303
5,4,6856.07373877
5,4,2378.86908313
5,4,2183.14195987
5,4,515.80705918
5,4,907.01515511
5,4,661.6258158
5,4,20641.54929515
5,4,1015.86714246
5,4,8078.89388273
5,4,1103.52475447
5,4,654.24529842
5,4,1070.56861721
5,4,6334.82637006
5,4,933.85110864
5,4,5388.34257356
5,4,1188.08795835
5,4,470.68573072
5,4,7864.76740275
5,4,947.55093222
5,4,805.62205272
5,4,409.72022578
