3,6,137775.56455624
3,6,328687.62200633
3,6,179373.05750335
3,6,260942.02857263
3,6,59120.42354608
3,6,268919.03699146
3,6,465522.84603912
3,6,57943.84839055
3,6,246631.86924372
3,6,50775.53192625
3,6,5754.12942101
3,6,42816.33322404
3,6,85377.546184
3,6,358897.29311686
3,6,9864.21979207
3,6,49731.51362852
3,6,95980.10968777
3,6,203526.82270898
3,6,23856.79322237
3,6,75884.63980737
3,6,305761.71628628
3,6,241604.6961591
3,6,414663.08749586
3,6,22486.82858946
3,6,124256.18682776
3,6,29407.37555126
3,6,213711.05571246
3,6,26556.10235801
3,6,452805.47265982
3,6,71403.04898462
