5,22,651.23364852
5,22,976.19576766
5,22,1369.33396179
5,22,1303.79884322
5,22,27.29254953
5,22,1710.66955239
5,22,295.05687759
5,22,1190.58426208
5,22,1035.75794722
5,22,65.18678158
5,22,608.3160695
5,22,685.55443251
5,22,1483.81942223
5,22,461.72330922
5,22,789.71944977
5,22,1441.93802729
5,22,859.70055276
5,22,588.74676195
5,22,41.95110194
5,22,169.87015437
5,22,85.83457511
5,22,861.64639184
5,22,64.58563085
5,22,863.9376998
5,22,295.7674038
5,22,768.98359823
5,22,291.41896939
5,22,63.68259883
5,22,1188.71174446
5,22,1129.68820917
5,22,531.33436538
5,22,1318.10494912
5,22,1002.66944489
5,22,895.83729901
5,22,2080.7030069
5,22,1048.10281905
5,22,330.99828673
5,22,699.96940719
5,22,578.8582569
5,22,198.21657569
5,22,1026.7564671
5,22,376.95176153
5,22,640.67322482
5,22,506.13025288
5,22,1852.49299904
5,22,855.53823829
5,22,1211.5874157
5,22,452.40722647
5,22,1170.61153042
5,22,421.49247975
