3,6,18832.06535163
3,6,19674.42857642
3,6,37466.11598046
3,6,27857.37643941
3,6,334901.91587371
3,6,283594.63449677
3,6,1051794.30498949
3,6,242314.38859521
3,6,390242.61702787
3,6,26421.22652172
3,6,783101.56647391
3,6,423020.73664386
3,6,24061.88769734
3,6,423200.102743
3,6,622633.0284022
3,6,2115.76930051
3,6,55185.07767865
3,6,11502.35829095
3,6,140063.36784906
3,6,13301.62127696
3,6,288.43069336
3,6,11502.26131102
3,6,745354.74198105
3,6,603613.48346103
3,6,289298.84087432
3,6,335470.79266959
3,6,997574.8403965
3,6,186917.90763917
3,6,608680.85766921
3,6,515520.09211587
