5,9,71295.43743792
5,9,11040.54449624
5,9,98137.67581546
5,9,292821.29609542
5,9,292.38920556
5,9,22250.5208762
5,9,132561.57730947
5,9,1143.72025716
5,9,5307.35344478
5,9,15629.33018033
5,9,50957.67014317
5,9,29259.16678399
5,9,55623.77716442
5,9,5313.4017619
5,9,6736.74799627
5,9,1759.76319415
5,9,68493.61908264
5,9,139811.52607596
5,9,49015.57901371
5,9,62802.40950144
5,9,28893.76226612
5,9,19778.16387434
5,9,34774.04493489
5,9,34438.3539607
5,9,12696.6060005
5,9,2785.01668614
5,9,34357.8504662
5,9,75882.08783635
5,9,31193.30859941
5,9,127659.07825262
5,9,141651.11582026
5,9,23685.62602866
5,9,30967.51719327
5,9,164687.59736991
5,9,1615.05959002
5,9,14436.62021889
5,9,340191.19617396
5,9,5946.19743521
5,9,113300.20716808
5,9,3585.49261763
5,9,55019.5506003
5,9,45492.85077675
5,9,26671.25827051
5,9,68132.91524497
5,9,6978.00479353
5,9,112002.99553293
5,9,32806.11719897
5,9,38103.40661342
5,9,87508.71226039
5,9,9381.56406152
