5,15,52.75324306
5,15,22.74130501
5,15,1003.7672622
5,15,396.91786785
5,15,169.32025765
5,15,264.41752245
5,15,883.00997749
5,15,424.95697004
5,15,163.27016112
5,15,897.90133024
5,15,607.39482325
5,15,833.55690728
5,15,135.9260207
5,15,719.37688624
5,15,1054.59823906
5,15,876.61834601
5,15,154.38161548
5,15,88.64542227
5,15,72.84437338
5,15,206.14353378
5,15,1389.87464711
5,15,385.53483158
5,15,440.85142215
5,15,897.6679646
5,15,261.69856479
5,15,320.21635707
5,15,893.02758423
5,15,131.48894557
5,15,836.6952334
5,15,212.77360258
5,15,876.07217453
5,15,1058.87097132
5,15,1786.96702073
5,15,1202.06988187
5,15,1639.39841214
5,15,568.19956852
5,15,239.58262918
5,15,90.1743563
5,15,152.05445017
5,15,819.17222439
5,15,470.005557
5,15,1960.4260672
5,15,356.95900334
5,15,206.27897052
5,15,21.76678503
5,15,460.73903224
5,15,281.76230445
5,15,273.73875678
5,15,2901.20967845
5,15,376.32903552
