5,11,17567563.34960506
5,11,9455365.97303928
5,11,1615053.77706962
5,11,5287898.4032921
5,11,2168223.52072567
5,11,3713662.23675355
5,11,19382163.27840265
5,11,37879659.0153201
5,11,9308418.73530261
5,11,10707237.09733113
5,11,312696.91631333
5,11,1724296.75930559
5,11,5137077.25187682
5,11,886547.01885449
5,11,220331.93731875
5,11,6799164.31299903
5,11,81268.86262174
5,11,4618576.16371412
5,11,54324200.10055216
5,11,10839108.08987255
5,11,19717476.52879036
5,11,6246593.8418645
5,11,18174589.55246365
5,11,16328036.95438784
5,11,1874822.1576048
5,11,118118.98906276
5,11,5225368.22054682
5,11,16284607.26273389
5,11,7587842.58442501
5,11,7796869.05252791
5,11,2628219.07083356
5,11,29652794.0884759
5,11,4655476.03343213
5,11,25059650.41807492
5,11,524740.37897373
5,11,8084486.26395138
5,11,2334574.02843686
5,11,3694868.77209954
5,11,12680691.97844858
5,11,24494524.52315437
5,11,17737562.83689677
5,11,9732399.72070241
5,11,24313515.63630983
5,11,341208.01343961
5,11,534715.14209081
5,11,16936407.58211495
5,11,10579535.7536718
5,11,37295444.53253298
5,11,3996234.92219172
5,11,31562687.60569487
