5,10,27337914.04990773
5,10,9232704.05560577
5,10,5738953.43968229
5,10,29375964.39471036
5,10,8419358.09748156
5,10,5675597.92591125
5,10,11842270.11726792
5,10,11249063.45113702
5,10,2652985.09837388
5,10,1897700.46749438
5,10,7321162.40659369
5,10,11687151.05177347
5,10,10232079.90203539
5,10,9516501.86428978
5,10,12625930.22099583
5,10,4771473.93811311
5,10,26453140.33867101
5,10,5108798.59286775
5,10,26399908.18931492
5,10,1853871.02505027
5,10,31481952.72215748
5,10,48406274.51285248
5,10,3599046.09742445
5,10,23961344.29789273
5,10,598633.7290924
5,10,2643198.56841182
5,10,8111379.40182349
5,10,7952034.66481393
5,10,591687.03540589
5,10,13467273.77792481
5,10,37870356.2940038
5,10,33347520.9538941
5,10,23799646.92720601
5,10,10992798.11512487
5,10,11511789.24731554
5,10,11558931.71082058
5,10,13000315.96788129
5,10,17190590.26382871
5,10,3302500.93883956
5,10,14080829.22305605
5,10,9911757.37134706
5,10,9899245.82801182
5,10,2827139.97782393
5,10,40638801.23904832
5,10,4803777.01397982
5,10,4876784.8413624
5,10,11697221.5585146
5,10,21192711.14089154
5,10,6955205.64972318
5,10,11620110.67659798
