3,14,37.47187478
3,14,57.12624692
3,14,25.8504136
3,14,23.02923959
3,14,10.8948188
3,14,26.02886051
3,14,25.8204537
3,14,22.73470452
3,14,100.32397375
3,14,48.85539735
3,14,56.80907467
3,14,5.02286074
3,14,23.73793626
3,14,33.88456537
3,14,114.48341584
3,14,417.84402956
3,14,43.66076265
3,14,54.80434315
3,14,84.73798086
3,14,15.39006204
3,14,28.61566756
3,14,13.55225159
3,14,9.52551232
3,14,37.8773813
3,14,22.9703676
3,14,130.13489306
3,14,59.32963227
3,14,15.98650223
3,14,13.05774904
3,14,9.84093956
