5,9,310109.48626316
5,9,87774.61845769
5,9,21113.21160583
5,9,10981.40659145
5,9,55667.72995855
5,9,85043.04545833
5,9,32461.47192336
5,9,114136.66273411
5,9,221935.45513883
5,9,63150.79220133
5,9,67944.80446414
5,9,29284.13063822
5,9,219915.57203847
5,9,108562.31462544
5,9,101027.1020369
5,9,74670.5210643
5,9,147912.19479059
5,9,53739.69852946
5,9,25216.72126855
5,9,111815.12649709
5,9,55746.53681057
5,9,58374.72451065
5,9,82329.88761984
5,9,120235.0645773
5,9,69805.49525234
5,9,48931.30544449
5,9,61650.33063247
5,9,52701.30441776
5,9,7960.53377543
5,9,1829.89875609
5,9,107892.44977097
5,9,18458.85281498
5,9,51736.14041414
5,9,215189.58414438
5,9,17394.29962644
5,9,105232.35898348
5,9,37481.73841203
5,9,11575.20986148
5,9,21068.09593786
5,9,2931.36740426
5,9,34078.97595578
5,9,37264.03133213
5,9,82321.43374277
5,9,160161.7666569
5,9,120092.05420168
5,9,70742.90821701
5,9,33817.18631762
5,9,49890.08075405
5,9,1138.59016473
5,9,186744.1761975
