3,21,3.71777471
3,21,107.5446302
3,21,72.75828504
3,21,3.67517125
3,21,47.61227611
3,21,50.64102962
3,21,12.19381962
3,21,26.9880019
3,21,8.96192711
3,21,10.72593204
3,21,12.03835363
3,21,46.90441567
3,21,5.94210916
3,21,4.37804732
3,21,43.76581214
3,21,72.78769324
3,21,26.19877962
3,21,79.39458606
3,21,130.72473212
3,21,81.39216354
3,21,19.39658135
3,21,72.15735487
3,21,87.35800496
3,21,75.22081488
3,21,73.85795524
3,21,19.94798716
3,21,25.8802681
3,21,29.44229137
3,21,11.26849726
3,21,18.73353384
