3,20,87082.80844415
3,20,45970.58512215
3,20,35037.24307324
3,20,4738.72371174
3,20,550.51007169
3,20,116787.185264
3,20,73799.79575142
3,20,5532.89158122
3,20,208501.43424483
3,20,37666.51346267
3,20,60321.06948452
3,20,8525.84016688
3,20,38908.71998621
3,20,6701.964679
3,20,17861.143867
3,20,33720.34570589
3,20,13755.86280076
3,20,137193.17812737
3,20,10058.41189523
3,20,2006.60519161
3,20,21503.78751626
3,20,148624.20184813
3,20,7126.34363662
3,20,45321.24292775
3,20,100439.50228883
3,20,72632.76270259
3,20,9908.27661161
3,20,30496.78341734
3,20,33.6414021
3,20,61118.94414161
