5,12, 2.75404911e+08
5,12, 3.24540611e+08
5,12, 1.31890939e+08
5,12,88230198.93829811
5,12, 3.44415740e+08
5,12,2826672.9583175
5,12, 2.46430659e+08
5,12, 6.06976419e+08
5,12,72913319.40803346
5,12, 1.82602179e+08
5,12,96311160.21281561
5,12, 1.86338057e+08
5,12, 2.21863448e+08
5,12, 1.31232221e+08
5,12,94439644.2140785
5,12,24695554.14590473
5,12,72535103.5340966
5,12,39273349.1370973
5,12, 1.06758294e+08
5,12,918556.58181011
5,12,23050324.26115251
5,12, 2.32228503e+08
5,12,22384258.1462983
5,12, 3.34461011e+08
5,12, 1.37924171e+08
5,12,1230110.88745961
5,12, 4.42219052e+08
5,12, 4.52872453e+08
5,12,60393448.68393058
5,12, 1.09463084e+08
5,12, 4.79191203e+08
5,12, 2.83933652e+08
5,12,8155123.50868196
5,12, 4.37201580e+08
5,12, 6.01486902e+08
5,12, 3.42584758e+08
5,12, 1.94393725e+08
5,12, 2.73370149e+08
5,12,28862932.39951825
5,12, 4.35684153e+08
5,12, 1.45929221e+08
5,12, 3.86710476e+08
5,12, 2.67021388e+08
5,12, 4.11594604e+08
5,12, 1.05787623e+08
5,12, 1.01945255e+08
5,12,19906684.7377201
5,12, 1.30944297e+08
5,12,47801222.33440389
5,12, 4.96455112e+08
