5,21,9.69443679
5,21,68.30172493
5,21,166.12500538
5,21,73.45079913
5,21,18.65968148
5,21,46.00742147
5,21,56.94339188
5,21,8.08067417
5,21,41.7475889
5,21,66.39776952
5,21,24.77916286
5,21,18.79205888
5,21,73.08736473
5,21,14.86439833
5,21,27.62234211
5,21,4.38114062
5,21,10.71860434
5,21,3.09008559
5,21,64.18758412
5,21,15.62372941
5,21,66.12851006
5,21,59.56614921
5,21,1.13103215
5,21,64.43013188
5,21,37.00270283
5,21,9.88326491
5,21,55.00784325
5,21,7.75562424
5,21,19.76729905
5,21,26.6888279
5,21,87.25907393
5,21,28.37508714
5,21,35.09956371
5,21,38.21766478
5,21,26.69976249
5,21,19.83999486
5,21,25.03002342
5,21,7.5625748
5,21,186.57098995
5,21,135.37544676
5,21,55.20678473
5,21,76.72896353
5,21,11.89383404
5,21,34.08092938
5,21,0.84772213
5,21,34.73926727
5,21,0.0454768
5,21,15.33542395
5,21,42.4188073
5,21,172.94219352
