5,12,5728202.72279119
5,12,16017566.55664635
5,12,60794497.94786295
5,12, 1.24355191e+08
5,12,7509101.30667922
5,12, 4.75000751e+08
5,12, 1.61839074e+09
5,12, 5.99906363e+09
5,12,31942653.63468086
5,12,34707739.30497295
5,12, 9.13506534e+08
5,12, 3.36046759e+08
5,12,8059229.79542251
5,12, 3.35953818e+08
5,12,29467020.36615837
5,12, 1.76516872e+08
5,12, 1.31634247e+08
5,12, 3.01360412e+08
5,12, 8.67677446e+08
5,12, 2.03095456e+08
5,12, 3.39552683e+08
5,12, 1.63485921e+08
5,12,17770746.14225981
5,12, 1.01406128e+08
5,12, 2.93822282e+09
5,12, 2.87017180e+09
5,12,94831309.91403624
5,12, 1.51737040e+08
5,12,57385041.73910604
5,12, 2.08946136e+08
5,12, 2.38484996e+08
5,12, 1.42795591e+09
5,12, 1.18447012e+09
5,12, 2.74297994e+08
5,12,53813393.36098781
5,12, 2.88467108e+08
5,12, 2.25142510e+08
5,12, 1.42680134e+08
5,12, 1.38203472e+09
5,12, 1.37086965e+09
5,12,34374114.05009437
5,12, 1.07279460e+09
5,12, 5.27700094e+08
5,12,52659047.15487117
5,12, 2.75423376e+09
5,12,73319123.42617744
5,12,58674135.05624616
5,12, 3.87466625e+08
5,12, 2.38904783e+08
5,12, 8.85509471e+09
