3,3,4978.4436575
3,3,908.84481712
3,3,1576.31214652
3,3,1887.50334783
3,3,1388.20517939
3,3,849.13084826
3,3,3907.90391375
3,3,988.20597461
3,3,5027.14900947
3,3,1439.31115705
3,3,3790.34994457
3,3,940.84591036
3,3,2592.62283042
3,3,1052.03981649
3,3,4932.09534736
3,3,1851.32291548
3,3,820.59172672
3,3,1157.58060722
3,3,866.42379529
3,3,1004.75099942
3,3,1001.66519717
3,3,6788.62483679
3,3,8002.48661609
3,3,5300.45541335
3,3,2862.28465442
3,3,7362.37096353
3,3,2749.68560239
3,3,1433.95296968
3,3,8285.35755699
3,3,963.13810385
