5,14,186.04260603
5,14,123.32808566
5,14,123.66082615
5,14,253.65131153
5,14,246.71211096
5,14,75.30256607
5,14,9.74739118
5,14,100.54303272
5,14,129.70156907
5,14,326.17940275
5,14,273.11462326
5,14,133.89422953
5,14,120.67881885
5,14,28.28105916
5,14,151.68181387
5,14,116.44586179
5,14,207.0868094
5,14,258.05000155
5,14,70.22407443
5,14,176.79432348
5,14,89.35119285
5,14,106.28316446
5,14,300.17826417
5,14,536.29179028
5,14,96.35747529
5,14,270.69336486
5,14,423.1219257
5,14,190.72717887
5,14,204.56304438
5,14,133.49084833
5,14,214.00577591
5,14,215.22377474
5,14,323.34824365
5,14,393.03599049
5,14,38.07924378
5,14,149.34713085
5,14,94.35891144
5,14,245.33346797
5,14,203.58083709
5,14,175.17328605
5,14,228.65367566
5,14,156.00831626
5,14,281.89084009
5,14,125.97578616
5,14,445.76988313
5,14,863.88942048
5,14,194.59664956
5,14,129.08976844
5,14,14.78572755
5,14,233.45627302
