5,10,2335363.92434946
5,10,6223636.17953235
5,10,2258475.95601542
5,10,24774962.8649697
5,10,12149386.27300503
5,10,4892679.18027107
5,10,10049298.01810854
5,10,140971.17851266
5,10,8175987.18587256
5,10,10777208.42154605
5,10,9281568.76662608
5,10,5482613.01030903
5,10,5594373.85038409
5,10,8823911.94631029
5,10,7360362.26806759
5,10,7410506.04210769
5,10,12406095.25621356
5,10,2179958.81102091
5,10,794963.39311784
5,10,1254846.76086389
5,10,1785038.08423749
5,10,5704796.58288976
5,10,15750150.03969622
5,10,15260537.34968155
5,10,4822174.46585064
5,10,187037.59524132
5,10,2787205.4432988
5,10,34380440.57372212
5,10,2115154.25408514
5,10,12964806.66821434
5,10,6249622.50840196
5,10,14290360.94698951
5,10,637695.62188091
5,10,5368222.84125554
5,10,3458041.39262127
5,10,933186.35750809
5,10,1184668.49220816
5,10,7103376.96666695
5,10,7656595.9478983
5,10,12871816.01527696
5,10,1634088.44629592
5,10,2423689.03756947
5,10,4907610.6601685
5,10,17519157.3236534
5,10,6478412.38228209
5,10,28824000.64629476
5,10,7562206.19879853
5,10,10804760.53352145
5,10,9040476.60855973
5,10,3378543.22476066
