3,8,1563.15848371
3,8,652.9790762
3,8,126312.66797296
3,8,20219.24239242
3,8,18562.42626595
3,8,32149.48706251
3,8,21608.05607374
3,8,18389.82980544
3,8,18628.99717211
3,8,4163.17102562
3,8,16675.0614538
3,8,28847.28544643
3,8,312220.28020258
3,8,2929.86853347
3,8,194323.91770695
3,8,526.38159062
3,8,55327.31568436
3,8,13413.74907172
3,8,6817.36038537
3,8,1234.9396068
3,8,24598.37330757
3,8,159666.56914542
3,8,135332.53792922
3,8,228668.36176141
3,8,27886.32149669
3,8,952.03912289
3,8,6343.79603762
3,8,54499.35523168
3,8,11977.2374858
3,8,73651.04538614
