3,20,4959.34145777
3,20,22122.20016261
3,20,2232.41411409
3,20,37050.60176833
3,20,67956.49112705
3,20,94054.173592
3,20,13999.59163569
3,20,109052.67367015
3,20,27391.78072854
3,20,78807.37768113
3,20,40283.64870864
3,20,67900.48505866
3,20,72065.72706107
3,20,128581.32543896
3,20,106150.75321764
3,20,2465.94455321
3,20,11391.01424868
3,20,62929.56998453
3,20,14517.83669578
3,20,1965.60763019
3,20,438.84089583
3,20,7685.27194991
3,20,49194.36418605
3,20,24040.55303366
3,20,31158.59749403
3,20,3562.25144113
3,20,9369.49466818
3,20,149258.30658917
3,20,79430.99961743
3,20,116053.48716482
