5,23,337.4913354
5,23,341.60055698
5,23,369.76389609
5,23,382.72768334
5,23,369.19123789
5,23,385.86483014
5,23,374.57116546
5,23,362.85926983
5,23,381.5345913
5,23,377.61744075
5,23,381.51207727
5,23,398.69957597
5,23,390.08632279
5,23,371.50678773
5,23,380.51732657
5,23,370.61926158
5,23,366.37575262
5,23,393.23263869
5,23,391.52955395
5,23,349.1065995
5,23,371.0204102
5,23,370.92688445
5,23,374.47139425
5,23,387.78306086
5,23,359.65898075
5,23,394.4204859
5,23,352.06277483
5,23,399.65184736
5,23,366.69915948
5,23,346.80931141
5,23,350.91875408
5,23,351.93362757
5,23,355.93405953
5,23,368.15996034
5,23,347.99103691
5,23,356.9634156
5,23,392.33904751
5,23,382.60501814
5,23,384.67950942
5,23,401.43035006
5,23,381.29675324
5,23,353.26779698
5,23,377.56274884
5,23,396.42652571
5,23,396.4066926
5,23,365.03282998
5,23,391.67226958
5,23,362.90266535
5,23,379.22180907
5,23,384.28834095
