5,11,7703442.66651675
5,11,1628930.62021968
5,11,2229835.0901029
5,11,3746436.78094392
5,11,1767364.16142429
5,11,14139545.57973829
5,11,26691744.05256262
5,11,276525.46237509
5,11,3740263.67177892
5,11,239199.19262031
5,11,9243441.18215688
5,11,4915100.23193702
5,11,5754768.98484172
5,11,1610706.52121299
5,11,3297129.9888607
5,11,7839396.18323855
5,11,10783158.67275761
5,11,15081249.66286964
5,11,3661072.5901174
5,11,2024242.09882294
5,11,16763563.78394614
5,11,16557829.02486604
5,11,2365365.74221506
5,11,625090.52996063
5,11,2627519.45442951
5,11,41351191.59140823
5,11,9657776.52969952
5,11,4946447.36937578
5,11,2907761.07992564
5,11,7515435.93273982
5,11,5853448.17404234
5,11,4345820.72193506
5,11,6186597.27755655
5,11,18868261.16175343
5,11,208320.93040121
5,11,3125696.6888022
5,11,11502898.62444562
5,11,3606594.92611926
5,11,1015592.380067
5,11,11990622.44681485
5,11,9277824.00199915
5,11,14480.08207114
5,11,6687378.09771214
5,11,6554478.26428109
5,11,9465327.97150292
5,11,6824598.90296929
5,11,5538380.8033355
5,11,1599138.74457544
5,11,5107147.61130635
5,11,1421473.93941703
