5,23,68.36058617
5,23,60.21394625
5,23,30.88646674
5,23,65.92719611
5,23,14.69992806
5,23,57.65636635
5,23,62.68706992
5,23,41.45714505
5,23,37.34283607
5,23,41.96488926
5,23,57.17472117
5,23,66.95765721
5,23,37.54869133
5,23,25.37718583
5,23,44.01106085
5,23,52.6168758
5,23,13.42798165
5,23,26.35684019
5,23,47.0926445
5,23,63.90246442
5,23,44.36102234
5,23,83.25177724
5,23,41.65774853
5,23,34.26024456
5,23,50.91715585
5,23,8.42807694
5,23,35.57549281
5,23,40.77937234
5,23,27.946032
5,23,61.1098346
5,23,59.42950874
5,23,54.78347323
5,23,68.6922608
5,23,43.35736063
5,23,58.36055465
5,23,42.60949538
5,23,61.32137673
5,23,62.06378097
5,23,41.90913765
5,23,63.65106634
5,23,47.20204358
5,23,72.25880618
5,23,69.6059427
5,23,19.95060299
5,23,48.28362134
5,23,26.61680775
5,23,65.75966028
5,23,61.978515
5,23,36.3430633
5,23,64.15090582
