5,16,264.46301692
5,16,195.72652875
5,16,292.16324668
5,16,129.7739996
5,16,247.08685593
5,16,197.56989721
5,16,261.89104289
5,16,299.5261913
5,16,213.17068494
5,16,518.69185352
5,16,295.24293996
5,16,323.75243527
5,16,309.38995888
5,16,309.36451378
5,16,234.47504684
5,16,121.30825883
5,16,367.04660885
5,16,272.51543477
5,16,178.61961562
5,16,262.87659824
5,16,116.59335407
5,16,349.36701092
5,16,190.58275439
5,16,218.13013618
5,16,185.97802597
5,16,274.29352405
5,16,273.12438335
5,16,219.93261974
5,16,310.10211565
5,16,159.18454524
5,16,274.69323624
5,16,272.32646798
5,16,211.95974968
5,16,282.50565536
5,16,256.89736516
5,16,207.73783015
5,16,275.45130981
5,16,99.57867524
5,16,40.9504164
5,16,440.13182438
5,16,99.66784637
5,16,132.63086821
5,16,268.17155607
5,16,95.31581334
5,16,157.96830726
5,16,289.04557757
5,16,277.50810588
5,16,271.21531677
5,16,238.21142972
5,16,274.21085859
