5,21,186.53831414
5,21,165.79744843
5,21,163.25303953
5,21,154.15444286
5,21,60.49046015
5,21,180.81392386
5,21,111.62215506
5,21,189.09818236
5,21,113.25667455
5,21,73.88366896
5,21,187.35441921
5,21,120.78278656
5,21,77.85094784
5,21,180.27612185
5,21,44.87660275
5,21,74.17961318
5,21,157.19979046
5,21,48.85057635
5,21,185.45330235
5,21,108.28387659
5,21,178.47705436
5,21,199.91126051
5,21,156.52932045
5,21,183.45580829
5,21,134.16948591
5,21,174.56622917
5,21,64.39075894
5,21,86.34969404
5,21,48.50201476
5,21,112.74698804
5,21,116.4533652
5,21,90.42779258
5,21,97.84287674
5,21,118.05015201
5,21,68.50477806
5,21,196.39755937
5,21,184.70741127
5,21,207.67480064
5,21,45.03033722
5,21,199.86820826
5,21,174.25296778
5,21,121.05279363
5,21,84.38628292
5,21,167.24754965
5,21,156.47635071
5,21,34.19775399
5,21,63.54384299
5,21,207.99782953
5,21,156.1791328
5,21,121.88468905
