5,21,57.90379772
5,21,89.29702294
5,21,102.63847121
5,21,13.43245579
5,21,133.8635785
5,21,204.71807057
5,21,41.99721446
5,21,9.2198685
5,21,102.73469575
5,21,22.5855838
5,21,64.17900197
5,21,8.5630157
5,21,101.35918754
5,21,81.18037044
5,21,2.27359343
5,21,10.4282288
5,21,29.03915431
5,21,22.79528966
5,21,44.33657669
5,21,0.35549694
5,21,21.88210926
5,21,90.84111803
5,21,26.04693057
5,21,27.90735508
5,21,53.1486468
5,21,103.57868639
5,21,14.06445894
5,21,118.82761776
5,21,78.89766894
5,21,185.24805963
5,21,16.74331164
5,21,76.93580907
5,21,25.05455801
5,21,3.3117568
5,21,3.0592174
5,21,17.16174512
5,21,66.9624745
5,21,23.98744836
5,21,25.76992052
5,21,53.06679504
5,21,2.14316358
5,21,126.10546126
5,21,10.54770687
5,21,49.83691022
5,21,11.00303904
5,21,58.1813542
5,21,163.72336674
5,21,107.52035222
5,21,59.07713239
5,21,72.91435764
