3,16,23.12601725
3,16,122.95117059
3,16,50.80388825
3,16,82.82407595
3,16,31.21453736
3,16,4.69365426
3,16,303.40360469
3,16,24.84356442
3,16,2.54534083
3,16,23.78013548
3,16,245.02339749
3,16,311.87708832
3,16,88.19948928
3,16,71.15232605
3,16,46.99479801
3,16,18.81952793
3,16,91.19099608
3,16,171.71006492
3,16,10.02495972
3,16,152.78993842
3,16,132.72302577
3,16,0.24227032
3,16,51.35099127
3,16,81.51938948
3,16,50.0572452
3,16,218.26241921
3,16,37.64974028
3,16,47.20635169
3,16,40.9631718
3,16,75.70284063
