3,11,3648402.30448385
3,11,14689705.69313264
3,11,9502554.49069582
3,11,17210431.38821208
3,11,48143399.10405815
3,11,49722142.8322764
3,11,995707.74768635
3,11,249855.22015448
3,11,5015090.49387798
3,11,13242719.31412255
3,11,29077243.88472747
3,11,9290499.95304971
3,11,13932053.96399843
3,11,47957702.31232361
3,11,13264436.05735326
3,11,7100997.19736777
3,11,33897382.05466495
3,11,1042826.69408283
3,11,3608520.63383834
3,11,4387010.83737931
3,11,7651829.75323415
3,11,1508823.84121982
3,11,2890685.68531399
3,11,32675743.98279993
3,11,14048592.77007541
3,11,8044602.10369278
3,11,27771621.1355438
3,11,5522467.96727542
3,11,16640860.02097486
3,11,3093583.29207131
