5,5,310.93490926
5,5,172.22868269
5,5,236.55519359
5,5,241.2072257
5,5,240.71983561
5,5,305.15443621
5,5,266.13157323
5,5,360.49612616
5,5,247.37231188
5,5,316.19727815
5,5,242.77952767
5,5,334.46617531
5,5,253.32748661
5,5,248.84822633
5,5,255.55457616
5,5,305.87241821
5,5,248.37823726
5,5,280.07790619
5,5,239.52801337
5,5,253.83251946
5,5,246.59452316
5,5,291.47347261
5,5,327.50736337
5,5,247.30733921
5,5,291.57658207
5,5,289.18675145
5,5,314.61754772
5,5,296.32015834
5,5,262.6285019
5,5,294.77918732
5,5,281.07720145
5,5,306.35603772
5,5,292.02590852
5,5,228.66947088
5,5,290.04786203
5,5,267.08159476
5,5,253.21879401
5,5,242.19142804
5,5,269.54746908
5,5,187.35726527
5,5,310.44566869
5,5,226.19146635
5,5,288.19233273
5,5,282.87208012
5,5,282.53144795
5,5,167.7546491
5,5,314.02809501
5,5,303.57661641
5,5,320.1262114
5,5,323.11347058
