3,5,463.79274806
3,5,445.21583265
3,5,365.93837057
3,5,369.04412994
3,5,458.39926348
3,5,457.22604063
3,5,370.2504415
3,5,426.02863848
3,5,510.96885324
3,5,407.88768477
3,5,388.391
3,5,406.40623423
3,5,475.20673274
3,5,401.87589341
3,5,459.13675526
3,5,450.10397448
3,5,432.21773019
3,5,457.28372458
3,5,496.29555658
3,5,409.73755194
3,5,400.81437444
3,5,344.29543358
3,5,427.34973774
3,5,389.47802031
3,5,419.26226803
3,5,347.24480165
3,5,419.04976453
3,5,384.99070805
3,5,465.78472234
3,5,430.42768522
