3,21,95.61686932
3,21,114.25812025
3,21,86.25538396
3,21,73.8257534
3,21,66.30736563
3,21,116.44494058
3,21,66.25015254
3,21,81.58247038
3,21,38.8545841
3,21,134.80996116
3,21,86.49343012
3,21,95.34119814
3,21,63.55332116
3,21,80.26152784
3,21,122.55016273
3,21,43.1764598
3,21,49.94193492
3,21,73.45604479
3,21,148.26995881
3,21,123.05218608
3,21,79.87377324
3,21,22.9471267
3,21,23.83814814
3,21,13.95309752
3,21,78.86534878
3,21,66.78466598
3,21,145.73736426
3,21,40.13083277
3,21,71.11191233
3,21,91.29542236
