3,2,1452301.56641645
3,2,890646.76332863
3,2,4625093.17924988
3,2,325928.3225595
3,2,11626948.0465473
3,2,3309292.13186579
3,2,3120409.88096078
3,2,864435.90415201
3,2,13399011.37623016
3,2,1976716.87749203
3,2,8728655.77186129
3,2,4323460.22245958
3,2,4210672.07680239
3,2,33102730.26486351
3,2,1506715.77620721
3,2,6170089.18842101
3,2,1237247.94878993
3,2,7879979.61632199
3,2,30329754.83601021
3,2,13505313.47772446
3,2,2285902.56926182
3,2,22477125.71538211
3,2,4630464.44529798
3,2,7657973.42710194
3,2,7223813.37649607
3,2,190724.03478617
3,2,1497188.11022811
3,2,1064242.69197489
3,2,21695777.81284996
3,2,9239543.51624415
