3,11,58142598.45052322
3,11,68180363.14113976
3,11,13036399.91735036
3,11,54171219.1050255
3,11,3638239.16853552
3,11,34198887.8392279
3,11,4980295.14413606
3,11,16508622.06176606
3,11,34963342.21669896
3,11,60335006.43394809
3,11,1953098.04127469
3,11,31220768.6025052
3,11,3547486.96313359
3,11,48866618.95501925
3,11,12518196.03005467
3,11,7524422.48601827
3,11,30819654.33932259
3,11,17563104.89323577
3,11,10062479.88785559
3,11,50011011.35705238
3,11,65914117.39331713
3,11,28010972.00243258
3,11,5757687.0949317
3,11,7517862.27017094
3,11,1749585.75683784
3,11,26810984.89997188
3,11,40031134.80459005
3,11,32999314.9176393
3,11,4127967.50741976
3,11,1059683.25364411
