5,18,503.94747706
5,18,87.32120036
5,18,353.03194606
5,18,69.54382466
5,18,175.65953755
5,18,51.40709606
5,18,113.53134965
5,18,53.40429777
5,18,62.88533744
5,18,76.73408057
5,18,109.18775124
5,18,47.50929461
5,18,531.52901403
5,18,295.78536703
5,18,6.70475557
5,18,591.75254932
5,18,97.1430711
5,18,39.10622769
5,18,77.19894133
5,18,55.35058142
5,18,49.08995821
5,18,1.41578969
5,18,34.26203989
5,18,12.95735133
5,18,76.743224
5,18,12.064487
5,18,255.63522512
5,18,158.1334231
5,18,88.70630011
5,18,699.95371052
5,18,270.80247758
5,18,132.04061483
5,18,154.30715168
5,18,106.54124285
5,18,116.66494091
5,18,169.70525605
5,18,122.33464573
5,18,23.17238936
5,18,134.28943304
5,18,134.98714981
5,18,150.48975513
5,18,271.49424084
5,18,13.51718791
5,18,578.3546639
5,18,58.51893901
5,18,138.76210492
5,18,587.47647885
5,18,56.43606451
5,18,193.02409381
5,18,193.61244945
