5,18,215.54534703
5,18,290.15367304
5,18,175.33268355
5,18,139.9476172
5,18,101.05385047
5,18,140.96858095
5,18,69.45077301
5,18,282.58517651
5,18,134.88643885
5,18,180.10100146
5,18,351.32922031
5,18,291.94409156
5,18,218.704675
5,18,299.72089066
5,18,207.22033184
5,18,224.02253676
5,18,176.21871436
5,18,336.97486708
5,18,125.25244319
5,18,66.40656974
5,18,214.69986596
5,18,136.26339936
5,18,205.64138477
5,18,180.49737906
5,18,70.60487895
5,18,197.69957233
5,18,44.16412367
5,18,139.00593968
5,18,409.34332722
5,18,122.87670131
5,18,196.29169291
5,18,69.33567768
5,18,318.55878837
5,18,165.36925193
5,18,249.54461845
5,18,306.50488585
5,18,176.33870426
5,18,144.01280391
5,18,213.07870439
5,18,84.80927102
5,18,148.14404274
5,18,116.66280175
5,18,273.86739199
5,18,56.49619729
5,18,52.61764537
5,18,56.53915826
5,18,144.13968982
5,18,222.45759682
5,18,139.45196576
5,18,191.79124036
