5,18,497.98505301
5,18,436.37965659
5,18,586.76261907
5,18,590.62663482
5,18,259.40487927
5,18,607.77363026
5,18,605.16170963
5,18,444.88148093
5,18,2940.51182266
5,18,387.41930186
5,18,587.79704381
5,18,681.23749042
5,18,218.1857679
5,18,649.13209486
5,18,52.80555993
5,18,589.68426734
5,18,505.6548224
5,18,387.64754196
5,18,181.90936511
5,18,662.08494723
5,18,1019.52013652
5,18,1077.85688203
5,18,846.97016846
5,18,604.27018994
5,18,829.24002745
5,18,272.71518309
5,18,119.09080697
5,18,465.5145051
5,18,556.18278611
5,18,320.12707247
5,18,511.5198861
5,18,392.07101095
5,18,76.27381609
5,18,619.23901785
5,18,537.85768234
5,18,585.30545135
5,18,546.72842397
5,18,533.6531013
5,18,518.57544947
5,18,601.16241191
5,18,568.54448607
5,18,528.10490459
5,18,154.5014649
5,18,3.18980198
5,18,411.40931839
5,18,434.16277265
5,18,412.21484148
5,18,2741.18545046
5,18,682.99678973
5,18,1319.94186167
