3,13,1638.8054709
3,13,1147.00559056
3,13,784.58901705
3,13,274.42878728
3,13,487.59281035
3,13,2127.00223882
3,13,1196.30315888
3,13,396.7136404
3,13,1252.58507137
3,13,1086.62622941
3,13,2035.86084319
3,13,1974.31660697
3,13,1380.3359961
3,13,1350.12823572
3,13,1047.75533398
3,13,1672.41580122
3,13,373.78230293
3,13,1148.89742676
3,13,979.06099192
3,13,2063.67004746
3,13,878.03844187
3,13,1429.91298337
3,13,1632.06853953
3,13,996.41741248
3,13,1382.6627524
3,13,1566.98328258
3,13,701.25976993
3,13,51.16565008
3,13,2063.33450033
3,13,1222.15956763
