3,17,134.93516819
3,17,143.69224815
3,17,159.86408635
3,17,137.78347573
3,17,145.17295284
3,17,159.37437236
3,17,164.40926294
3,17,129.73295076
3,17,159.78683403
3,17,157.26669356
3,17,226.92095056
3,17,170.33794243
3,17,199.58775331
3,17,146.11143645
3,17,147.05569107
3,17,131.30858658
3,17,158.22042806
3,17,188.72079815
3,17,145.80180722
3,17,148.11928323
3,17,158.17005285
3,17,184.76415329
3,17,156.77432941
3,17,188.43947251
3,17,156.34822237
3,17,159.20492883
3,17,168.69760878
3,17,136.60844001
3,17,141.20801642
3,17,140.59471087
