3,14,215.81974263
3,14,271.36775022
3,14,225.111884
3,14,181.23998503
3,14,308.65592275
3,14,276.19366676
3,14,295.23465811
3,14,193.23815126
3,14,111.95529113
3,14,169.93003554
3,14,218.08628427
3,14,159.83291332
3,14,335.62259969
3,14,199.42597393
3,14,263.39289983
3,14,155.71109873
3,14,298.5887842
3,14,230.98056089
3,14,219.39315424
3,14,245.10540685
3,14,96.42887525
3,14,196.55620137
3,14,188.98181837
3,14,159.79749806
3,14,183.98566526
3,14,212.8486354
3,14,320.01827315
3,14,201.95337942
3,14,145.16430994
3,14,370.27602134
