5,4,1130.4849321
5,4,62.35670727
5,4,387.7640848
5,4,1033.52050822
5,4,732.15352117
5,4,1084.76693835
5,4,156.71879573
5,4,685.64071364
5,4,3076.75170832
5,4,2923.44098486
5,4,642.8589123
5,4,394.76104475
5,4,1811.71147795
5,4,1066.1985423
5,4,2080.35133399
5,4,308.67780826
5,4,936.26445969
5,4,1602.53158151
5,4,129.8004488
5,4,294.63374559
5,4,327.11446605
5,4,2406.70174358
5,4,846.86923387
5,4,345.53938355
5,4,74.99985804
5,4,406.069197
5,4,1615.04294697
5,4,2436.55789626
5,4,1675.99142876
5,4,539.29420547
5,4,713.51404939
5,4,1204.7684553
5,4,146.8591667
5,4,1565.25533881
5,4,718.4292555
5,4,797.04719265
5,4,7.14536666
5,4,361.61667081
5,4,613.61402197
5,4,537.6852293
5,4,3691.17893298
5,4,386.26498141
5,4,1333.62963324
5,4,452.42519209
5,4,1230.14998385
5,4,593.90075006
5,4,227.01184599
5,4,395.80207766
5,4,2385.02989306
5,4,546.49881764
