3,22,527.39924297
3,22,1498.52995953
3,22,1230.56777822
3,22,718.02175033
3,22,1335.26038001
3,22,483.87945233
3,22,726.18594964
3,22,717.54773165
3,22,700.57778822
3,22,456.23837167
3,22,531.9549973
3,22,211.64219036
3,22,308.77404543
3,22,231.18217585
3,22,440.81104647
3,22,1077.44265247
3,22,441.67832199
3,22,816.83029013
3,22,1458.77414171
3,22,235.34683929
3,22,1047.05486614
3,22,960.69648832
3,22,376.60346755
3,22,187.25103101
3,22,1100.22223717
3,22,586.960551
3,22,602.90916443
3,22,1199.47624672
3,22,346.93788992
3,22,192.97099293
