3,1,216.73127874
3,1,215.94653762
3,1,311.35952088
3,1,294.66950943
3,1,193.43455071
3,1,192.26869291
3,1,365.90150551
3,1,201.29942273
3,1,230.19874494
3,1,285.06661914
3,1,239.19165179
3,1,207.74794365
3,1,217.82346994
3,1,259.36554693
3,1,349.19085873
3,1,230.96718175
3,1,259.27766858
3,1,193.4545196
3,1,391.24503744
3,1,322.56751063
3,1,301.37978189
3,1,237.75030789
3,1,227.24798926
3,1,286.16152124
3,1,226.56583794
3,1,238.27540487
3,1,320.56540346
3,1,311.17563534
3,1,252.93166007
3,1,177.25311569
