5,21,111.43615491
5,21,101.48465709
5,21,142.09902875
5,21,158.40767555
5,21,130.83407897
5,21,88.27195127
5,21,70.20403983
5,21,64.83464438
5,21,93.61211302
5,21,171.10116644
5,21,69.05223578
5,21,186.14655723
5,21,162.38016053
5,21,39.87959254
5,21,137.26346976
5,21,16.64558392
5,21,92.72886575
5,21,152.88612237
5,21,169.79709476
5,21,170.90102863
5,21,146.02787477
5,21,81.04104163
5,21,125.9469224
5,21,127.7744148
5,21,106.72351475
5,21,171.26066517
5,21,177.61366755
5,21,87.61172375
5,21,136.1438934
5,21,181.79726435
5,21,130.6426224
5,21,112.08308797
5,21,101.5118297
5,21,85.2412322
5,21,141.96134824
5,21,102.16143308
5,21,66.73978911
5,21,121.85577468
5,21,115.46996845
5,21,101.05668863
5,21,109.55319841
5,21,75.13402177
5,21,135.94508074
5,21,31.46594255
5,21,92.78109782
5,21,77.50120327
5,21,180.35093413
5,21,44.46874202
5,21,160.45922902
5,21,97.1254993
