3,18,271.50277639
3,18,1455.09801787
3,18,299.84769118
3,18,463.46983664
3,18,956.69814803
3,18,3006.2318315
3,18,517.26207235
3,18,213.3025417
3,18,467.19348474
3,18,10767.07477919
3,18,4045.26100707
3,18,1065.90291477
3,18,3500.96552297
3,18,942.83802267
3,18,2628.64965906
3,18,383.1511481
3,18,720.76494333
3,18,522.08529753
3,18,424.35418509
3,18,246.67816125
3,18,1019.07835258
3,18,1981.23128642
3,18,678.2508917
3,18,10.76407442
3,18,1359.2378476
3,18,3345.86305314
3,18,143.87265076
3,18,206.11871701
3,18,1477.81868212
3,18,899.51946205
