3,23,12.52641191
3,23,18.57422494
3,23,5.67184835
3,23,41.94689361
3,23,29.01285026
3,23,19.41221759
3,23,25.08886248
3,23,31.34729209
3,23,19.08038894
3,23,23.5028611
3,23,10.40253773
3,23,22.39759798
3,23,3.16651589
3,23,19.11572388
3,23,42.52534209
3,23,17.48548148
3,23,9.05966673
3,23,5.63069352
3,23,25.14743151
3,23,20.02049201
3,23,14.89006559
3,23,48.61162059
3,23,50.13966569
3,23,7.19544188
3,23,22.261135
3,23,41.96374293
3,23,48.13025156
3,23,17.65816043
3,23,2.16733448
3,23,19.50243655
