3,4,7406.00792991
3,4,1672.44727405
3,4,1597.53172367
3,4,339.29445205
3,4,6020.34475215
3,4,415.36245568
3,4,326.92094332
3,4,292.3648624
3,4,201.04675064
3,4,19654.81621284
3,4,487.42774875
3,4,950.06627275
3,4,204.72530854
3,4,597.6520858
3,4,209.96937319
3,4,357.25716236
3,4,100.59294319
3,4,243.26600892
3,4,323.13078995
3,4,169.4125441
3,4,450.37256494
3,4,231.00182254
3,4,2291.85098052
3,4,443.9484203
3,4,7179.71586644
3,4,4091.61567044
3,4,5963.73826151
3,4,11831.5299686
3,4,387.11703916
3,4,4426.12030635
