3,22,139.31311633
3,22,393.83046222
3,22,564.83848217
3,22,259.51660031
3,22,466.3575019
3,22,269.39968725
3,22,400.07634199
3,22,815.40989875
3,22,938.80675617
3,22,169.44015154
3,22,35.18064747
3,22,925.08246861
3,22,1013.34671171
3,22,56.90931393
3,22,607.38318164
3,22,289.30962655
3,22,54.46290809
3,22,608.85440315
3,22,1656.89382784
3,22,931.01038113
3,22,981.54281768
3,22,999.36075484
3,22,1151.65166709
3,22,86.38929091
3,22,1621.07419826
3,22,122.52702275
3,22,966.59300383
3,22,343.70446871
3,22,79.15779761
3,22,271.11544823
