5,20,12410.37814373
5,20,17878.25742536
5,20,53219.21795576
5,20,5132.55076495
5,20,16473.92789169
5,20,14904.5076712
5,20,28459.88131321
5,20,217828.85537026
5,20,96950.33800027
5,20,8683.52759432
5,20,64372.23598531
5,20,30354.46407006
5,20,80410.05392736
5,20,51640.50702688
5,20,79783.76978335
5,20,23185.36497666
5,20,72223.84281825
5,20,2934.93510784
5,20,41343.55332824
5,20,30206.97398333
5,20,26346.24734822
5,20,98935.5254378
5,20,77591.35600934
5,20,83892.23463918
5,20,15538.25414641
5,20,21905.87821773
5,20,20213.47681807
5,20,1257.45693445
5,20,78.87296834
5,20,51563.47769732
5,20,31620.30623765
5,20,28347.61716073
5,20,81102.00229887
5,20,63932.77406356
5,20,59301.63653294
5,20,25349.37607936
5,20,51659.42167384
5,20,12092.97639124
5,20,22126.30476294
5,20,29762.89357619
5,20,86257.10454744
5,20,122227.26280413
5,20,8193.84323163
5,20,25545.86316245
5,20,26778.72784813
5,20,6338.393177
5,20,17428.43317526
5,20,5393.58376404
5,20,18538.66435053
5,20,121917.44515031
