5,15,283.06473514
5,15,1450.62303628
5,15,1205.01164538
5,15,428.23353935
5,15,132.68572292
5,15,731.80915872
5,15,9.71978192
5,15,12.2606486
5,15,1478.24823261
5,15,321.77981008
5,15,270.55098388
5,15,769.48930966
5,15,290.78662612
5,15,480.31058768
5,15,1462.57874307
5,15,260.92699668
5,15,2162.52933155
5,15,248.62482297
5,15,1634.97836049
5,15,272.64854555
5,15,172.87226812
5,15,1570.22211636
5,15,668.22692166
5,15,904.07730852
5,15,1651.22673152
5,15,1552.77198132
5,15,893.66713264
5,15,460.49320595
5,15,973.30218222
5,15,166.15750943
5,15,54.61674114
5,15,1191.13043847
5,15,1285.40431859
5,15,74.99924566
5,15,453.47363398
5,15,309.69805466
5,15,297.01311292
5,15,242.70297903
5,15,435.08746487
5,15,28.9733457
5,15,2147.21431551
5,15,71.78414221
5,15,722.69844137
5,15,752.1364068
5,15,1214.51321616
5,15,278.03787613
5,15,452.22946083
5,15,494.13624201
5,15,355.57201683
5,15,487.245408
