5,20,49099.46921766
5,20,52467.76140417
5,20,96461.76233178
5,20,66249.01698284
5,20,27356.60484361
5,20,14150.80793405
5,20,32847.16240861
5,20,380.4125415
5,20,84803.2108483
5,20,56605.65402563
5,20,98863.93206017
5,20,33858.82193904
5,20,48037.8770318
5,20,18423.06071335
5,20,27244.06428846
5,20,56633.07603
5,20,21792.27517178
5,20,50060.91904269
5,20,14931.09154803
5,20,55280.12136098
5,20,24510.36182644
5,20,10295.8008672
5,20,56353.28239443
5,20,97994.18645631
5,20,2424.95372898
5,20,86717.48728039
5,20,19317.66514193
5,20,62586.58177673
5,20,246226.85520079
5,20,38658.85673772
5,20,16.12430707
5,20,35238.54487945
5,20,18518.4678003
5,20,75880.66316829
5,20,6138.96623448
5,20,41860.47493414
5,20,111266.43638911
5,20,11272.31759912
5,20,126177.92212578
5,20,13106.32113292
5,20,8431.03327844
5,20,51978.4745984
5,20,48628.74436563
5,20,81678.72887505
5,20,7809.76782151
5,20,60522.3217085
5,20,28555.70793498
5,20,42675.46071372
5,20,442.5284126
5,20,88611.36217822
