3,5,321.52270989
3,5,225.98309569
3,5,354.00957789
3,5,334.54115036
3,5,168.42143323
3,5,304.21407173
3,5,119.54645664
3,5,292.87387424
3,5,300.93193531
3,5,250.70167038
3,5,268.01718643
3,5,305.92550599
3,5,302.58719329
3,5,197.92639542
3,5,319.4719692
3,5,358.11023413
3,5,262.64823649
3,5,155.36020296
3,5,230.35031327
3,5,324.68550513
3,5,287.64186366
3,5,308.37673414
3,5,293.59704346
3,5,177.60156725
3,5,311.54872995
3,5,249.09786175
3,5,287.73283982
3,5,314.93601563
3,5,275.28756008
3,5,249.40234019
