3,24,191.98919194
3,24,161.98807589
3,24,213.32115739
3,24,296.92427683
3,24,303.12494554
3,24,198.26513478
3,24,255.72814674
3,24,275.16997744
3,24,255.78567875
3,24,185.90916988
3,24,72.96194367
3,24,371.95819077
3,24,106.34215485
3,24,153.96390928
3,24,175.7359601
3,24,236.34721028
3,24,85.12255674
3,24,396.69187374
3,24,85.63956063
3,24,236.49402056
3,24,199.74625954
3,24,194.31035297
3,24,146.70890931
3,24,271.14229563
3,24,252.12704967
3,24,130.43853103
3,24,150.16793777
3,24,157.05758635
3,24,279.3217674
3,24,490.16389496
