5,6,848448.21317588
5,6,584303.40569789
5,6,814903.32955644
5,6,275295.11916031
5,6,121873.17449855
5,6,313524.60617734
5,6,104691.70257182
5,6,46367.91563453
5,6,272277.68704472
5,6,73242.56517451
5,6,95311.32566587
5,6,199119.91394159
5,6,365875.78138094
5,6,88904.43998775
5,6,144622.55872584
5,6,537870.12181832
5,6,70402.96674132
5,6,107131.05306854
5,6,337860.47324849
5,6,127953.3469362
5,6,430111.18598354
5,6,303452.56461569
5,6,340046.24787178
5,6,30198.39951479
5,6,355007.22302353
5,6,646561.31783217
5,6,564296.16294892
5,6,347735.84158605
5,6,398506.16862225
5,6,73693.25428941
5,6,328705.04052389
5,6,486271.40603285
5,6,212830.876499
5,6,235913.46944756
5,6,293425.58417792
5,6,550841.65998068
5,6,43474.35935125
5,6,452235.57348936
5,6,344263.20845643
5,6,147292.24190784
5,6,148777.53237562
5,6,494792.2793381
5,6,207419.4345719
5,6,344742.72858046
5,6,377689.38462723
5,6,34042.23765978
5,6,831620.1191041
5,6,320735.65219387
5,6,655282.15307469
5,6,269071.10762124
