5,9,10113.01012384
5,9,13165.17069123
5,9,17094.47675845
5,9,20625.68291586
5,9,23365.04272774
5,9,122616.11699735
5,9,34399.79228275
5,9,9015.07037013
5,9,41918.35516951
5,9,77537.92543709
5,9,6652.68012994
5,9,6541.41488572
5,9,10690.54471366
5,9,130650.92751067
5,9,7706.28552781
5,9,97532.64724583
5,9,35495.66647086
5,9,38393.54352093
5,9,35392.60159192
5,9,29111.18546875
5,9,14587.55590772
5,9,93011.35395167
5,9,83769.03166959
5,9,25906.58530413
5,9,463.63900882
5,9,70901.16090826
5,9,46989.52362227
5,9,40208.38142226
5,9,78447.13410266
5,9,144502.68499325
5,9,127008.64949039
5,9,4468.38185088
5,9,1734.25229615
5,9,48924.17861957
5,9,18837.12159378
5,9,989.28403868
5,9,22416.6172634
5,9,27607.42132055
5,9,2187.29747442
5,9,28024.65746563
5,9,14121.47416091
5,9,53275.60896257
5,9,18388.49462055
5,9,82103.76897799
5,9,26513.67424795
5,9,40507.01885346
5,9,62335.68315814
5,9,16140.59545398
5,9,102514.09224634
5,9,157990.68890568
