3,6,118145.92551871
3,6,51844.60791457
3,6,104052.29796331
3,6,225336.0795301
3,6,140215.64844352
3,6,190499.44025453
3,6,539052.68503965
3,6,23707.0371817
3,6,134524.26982804
3,6,54607.0698709
3,6,44350.02770709
3,6,37552.66188773
3,6,50308.53843677
3,6,146069.03848827
3,6,428224.5367955
3,6,66521.09209329
3,6,193255.11072848
3,6,199394.70395078
3,6,480416.49209261
3,6,162545.44440106
3,6,146857.77963866
3,6,87548.49196609
3,6,72860.80989725
3,6,455618.27659514
3,6,248933.23118416
3,6,204688.47063108
3,6,86283.30377402
3,6,525168.85280022
3,6,78714.36611313
3,6,361363.33832004
