3,17,107.5942065
3,17,92.99858996
3,17,85.03533749
3,17,135.50884658
3,17,95.8657256
3,17,124.88577884
3,17,106.87812244
3,17,66.7309488
3,17,99.7351764
3,17,61.70492674
3,17,70.17996929
3,17,134.56404942
3,17,106.73810499
3,17,107.93309442
3,17,122.84159153
3,17,38.58081787
3,17,117.72527385
3,17,80.71103939
3,17,223.73603946
3,17,89.2574528
3,17,49.8420034
3,17,74.70778977
3,17,61.22001451
3,17,101.71815375
3,17,97.74452463
3,17,78.86352735
3,17,59.03094999
3,17,149.66186703
3,17,143.39463135
3,17,176.81938729
