3,10,61208863.80962074
3,10,12069727.67488665
3,10,2125495.26255313
3,10,59543793.25033916
3,10,7653990.70568013
3,10,23201302.93668182
3,10,588580.53385489
3,10,8060669.46956713
3,10,1411077.1751081
3,10,21822729.83590491
3,10,18106965.45599781
3,10, 1.17898935e+08
3,10,33327323.29593515
3,10,13453665.34583103
3,10,8635732.34297224
3,10,26050728.12171233
3,10,83682512.72495273
3,10,7422354.62201861
3,10,8434139.33002906
3,10,23689499.03733654
3,10,22145361.27836847
3,10, 1.15314170e+08
3,10,4032113.9422833
3,10,56430871.76613582
3,10,28112453.76784683
3,10,64018295.91129355
3,10,3136700.57537332
3,10,13859012.03238367
3,10,2093066.3022404
3,10,48927592.75686052
