5,9,25543.26696702
5,9,46205.19710842
5,9,5071.72891675
5,9,33939.48893345
5,9,4797.7728532
5,9,61277.5714868
5,9,7793.37043735
5,9,10057.69158823
5,9,48583.63257778
5,9,123126.58261501
5,9,9923.9573954
5,9,972.49703606
5,9,18360.55970703
5,9,10034.999109
5,9,11379.07820042
5,9,94180.10034379
5,9,76909.58223721
5,9,48169.099947
5,9,128555.73717737
5,9,184647.53056403
5,9,46857.73528664
5,9,340.72552369
5,9,83373.57751975
5,9,20872.20412769
5,9,24220.35246788
5,9,69508.93205803
5,9,78899.52500475
5,9,29836.95948541
5,9,62421.62388353
5,9,1524.09435395
5,9,34398.50117821
5,9,44586.81836843
5,9,319.78364455
5,9,31563.24635324
5,9,2517.11073926
5,9,14153.38378451
5,9,44492.42892413
5,9,14179.49020352
5,9,27049.41736766
5,9,15035.3321341
5,9,24371.5282172
5,9,34885.37443216
5,9,132180.58946697
5,9,62941.82410523
5,9,41407.35886525
5,9,103798.89883981
5,9,156916.39385597
5,9,13178.68311168
5,9,83133.05278589
5,9,29581.65269795
