3,24,988.53712858
3,24,822.68453178
3,24,959.76063423
3,24,919.93674731
3,24,824.53389394
3,24,754.97162331
3,24,843.53716259
3,24,878.87615355
3,24,954.46445797
3,24,873.35273623
3,24,815.62378454
3,24,903.10022698
3,24,886.97075369
3,24,897.76185225
3,24,1064.05653378
3,24,1013.97991056
3,24,886.78541215
3,24,986.73467411
3,24,754.50282177
3,24,1016.10811836
3,24,973.10363155
3,24,889.30749091
3,24,862.03723713
3,24,800.63877513
3,24,1054.29696472
3,24,955.96951829
3,24,875.81728644
3,24,990.25001369
3,24,927.12067509
3,24,801.28937533
