3,8,17999.79352253
3,8,10705.59793427
3,8,88632.39063424
3,8,25669.10505677
3,8,54819.7365088
3,8,17027.96589207
3,8,20913.84365318
3,8,34945.98621689
3,8,332.54416214
3,8,3912.59947028
3,8,69097.86594034
3,8,3947.20503819
3,8,400.05413294
3,8,17240.81338339
3,8,6238.82090612
3,8,96673.14839202
3,8,6845.9269587
3,8,17236.62220022
3,8,230053.36413502
3,8,10217.06165185
3,8,7668.7638749
3,8,103791.30805566
3,8,11521.05126185
3,8,88460.77049208
3,8,119543.10301224
3,8,3426.20562418
3,8,11920.01805577
3,8,19896.2257495
3,8,101339.36474936
3,8,2147.23111257
