5,18,56.65649403
5,18,719.82002188
5,18,47.64811567
5,18,97.33414443
5,18,299.10944147
5,18,57.61591811
5,18,430.94947343
5,18,74.0085222
5,18,96.68679105
5,18,146.93575708
5,18,146.24122569
5,18,233.88314972
5,18,204.21401706
5,18,223.22635242
5,18,61.38157183
5,18,18.4162405
5,18,68.04123224
5,18,81.54530628
5,18,28.99177023
5,18,152.17677617
5,18,97.88675065
5,18,340.05535266
5,18,1.35716002
5,18,32.76568026
5,18,30.3760935
5,18,69.34482054
5,18,135.29825523
5,18,110.27334884
5,18,30.84482869
5,18,781.28939017
5,18,151.05474012
5,18,73.38286015
5,18,4.71704323
5,18,33.84553227
5,18,62.8267026
5,18,68.04574655
5,18,95.55175911
5,18,510.38367571
5,18,289.63123017
5,18,129.74020119
5,18,33.2094817
5,18,169.295153
5,18,255.15163173
5,18,72.76607329
5,18,97.73479133
5,18,149.28272104
5,18,62.34580299
5,18,50.02295992
5,18,150.38993793
5,18,63.27271953
