5,4,263.27000422
5,4,1799.56614855
5,4,3312.56576211
5,4,904.03552684
5,4,4586.70531257
5,4,2774.10324276
5,4,119.7617002
5,4,1224.13145017
5,4,1599.28413114
5,4,324.45626929
5,4,2561.25095101
5,4,409.08928253
5,4,2281.84868598
5,4,1709.18719887
5,4,308.10461817
5,4,567.72922123
5,4,278.11870234
5,4,705.91659026
5,4,584.58044987
5,4,5122.79760197
5,4,214.10587676
5,4,457.45990965
5,4,797.34903528
5,4,768.14537432
5,4,5477.42550448
5,4,1282.60610125
5,4,6137.9652127
5,4,7053.50275818
5,4,2967.60373586
5,4,595.70726189
5,4,434.11571959
5,4,5252.2967278
5,4,420.67546241
5,4,2892.98040805
5,4,2733.81411085
5,4,196.26158182
5,4,295.21222148
5,4,635.9098813
5,4,776.34006772
5,4,622.84399086
5,4,540.92184048
5,4,610.26598216
5,4,2746.77520517
5,4,212.19603905
5,4,390.17552127
5,4,827.24362023
5,4,1993.28052609
5,4,584.57929456
5,4,2487.89796357
5,4,536.41035518
