5,20,28637.0457158
5,20,33373.5898759
5,20,35114.41347962
5,20,88595.06912324
5,20,15482.94652448
5,20,32514.43440301
5,20,60663.20344745
5,20,74772.46321225
5,20,42861.81847385
5,20,2922.86047368
5,20,11344.59133399
5,20,102647.55612432
5,20,25692.07881246
5,20,84501.1925059
5,20,32594.54018345
5,20,61014.45172244
5,20,141234.76103469
5,20,52953.51093887
5,20,150061.50992294
5,20,11957.53955255
5,20,55877.58780478
5,20,44538.87342407
5,20,9815.24380936
5,20,1132.32991911
5,20,26429.05417221
5,20,36862.26746262
5,20,15640.3507715
5,20,71716.34140534
5,20,10268.03205467
5,20,11900.73935581
5,20,69787.57363616
5,20,69368.32546738
5,20,91776.9624708
5,20,64342.84045924
5,20,44630.28530472
5,20,6297.41137891
5,20,76948.99704613
5,20,36015.72369658
5,20,4528.07584337
5,20,51869.96317237
5,20,46567.3454484
5,20,40364.63432372
5,20,81579.48572183
5,20,30397.79013066
5,20,7467.09582957
5,20,68547.3654202
5,20,24905.88641725
5,20,19.80929714
5,20,39456.55584531
5,20,31030.65602608
