3,3,5097.30732099
3,3,470.75319502
3,3,342.13904599
3,3,765.49529587
3,3,446.03408176
3,3,213.03123809
3,3,264.59187531
3,3,283.32624723
3,3,242.72848652
3,3,132.86534778
3,3,515.84946657
3,3,4908.79789471
3,3,543.00003257
3,3,139.79448394
3,3,1936.16968812
3,3,1761.56927402
3,3,175.35078
3,3,508.78398625
3,3,258.3365177
3,3,238.78655816
3,3,518.85986412
3,3,283.82208201
3,3,1263.47263666
3,3,6834.62418799
3,3,318.96460927
3,3,1756.78993094
3,3,275.60631512
3,3,5128.63463086
3,3,1406.14558239
3,3,365.5113283
