3,23,6.90104615
3,23,71.20525149
3,23,63.23264133
3,23,23.08052601
3,23,46.73266389
3,23,69.72390762
3,23,66.14490426
3,23,53.63155564
3,23,64.64665731
3,23,65.58776317
3,23,59.61618096
3,23,58.2065991
3,23,27.12238277
3,23,71.83218412
3,23,54.55530977
3,23,8.21929511
3,23,67.46732335
3,23,37.40138925
3,23,73.52336487
3,23,57.61543936
3,23,52.63849777
3,23,25.48537538
3,23,26.20053071
3,23,44.32580987
3,23,39.44695619
3,23,21.88512756
3,23,34.95972846
3,23,36.61511731
3,23,40.8902393
3,23,57.8809923
