3,8,24432.51701187
3,8,22062.01311339
3,8,30507.12291681
3,8,11689.62737945
3,8,87190.2310937
3,8,116755.57381553
3,8,17362.0618311
3,8,11247.27228517
3,8,32990.5748244
3,8,23243.23808084
3,8,39149.51098955
3,8,23487.779529
3,8,4769.98014634
3,8,1038.67427727
3,8,126469.24011277
3,8,23764.39589253
3,8,7170.15417452
3,8,152101.02200332
3,8,55327.47405021
3,8,48987.18027657
3,8,21930.95301675
3,8,89779.68976193
3,8,52794.93133616
3,8,7000.05873295
3,8,169689.8690905
3,8,16825.38970853
3,8,263372.0379399
3,8,19441.18243229
3,8,232653.84502941
3,8,173856.32818265
