5,12, 1.47550749e+08
5,12, 1.84908746e+08
5,12, 1.52733271e+08
5,12, 3.11824222e+08
5,12,2821462.91588723
5,12, 1.07044459e+08
5,12, 2.67365432e+08
5,12,63977815.79238378
5,12, 2.06069544e+08
5,12, 5.79618461e+08
5,12,37966907.6461978
5,12, 1.05352747e+08
5,12, 1.70917004e+08
5,12, 1.31722896e+08
5,12, 2.53719708e+08
5,12,96157526.62827137
5,12,81269066.44072026
5,12, 1.41108867e+08
5,12, 2.09827350e+08
5,12,19501915.63506934
5,12, 1.01777107e+08
5,12, 3.04041855e+08
5,12, 1.57356396e+08
5,12, 1.26374403e+08
5,12,17711098.01643632
5,12, 1.78497764e+08
5,12, 3.53584789e+08
5,12, 1.04602440e+08
5,12, 4.16413941e+08
5,12,23445822.13827781
5,12,33806702.0115558
5,12, 4.64559162e+08
5,12, 2.24838390e+08
5,12,31412866.33312246
5,12, 5.90634715e+08
5,12, 1.92250156e+08
5,12,764254.85271293
5,12, 3.10976031e+08
5,12,50781240.62892176
5,12,55919881.26964101
5,12,45143117.21803644
5,12, 1.42358164e+08
5,12,85980324.73843582
5,12, 2.12673356e+08
5,12, 1.49068002e+08
5,12,23191934.84613588
5,12, 1.19159810e+08
5,12,35788233.16842411
5,12, 2.64211253e+08
5,12, 3.27404072e+08
