5,16,279.66200515
5,16,92.41449154
5,16,52.34844095
5,16,283.18883371
5,16,131.93209945
5,16,144.21821405
5,16,234.14402309
5,16,133.57610861
5,16,56.31563239
5,16,40.34753886
5,16,245.50054794
5,16,136.38584562
5,16,350.06265767
5,16,187.22601609
5,16,65.44624182
5,16,272.6111241
5,16,104.34752542
5,16,216.54068499
5,16,218.73566109
5,16,90.99452345
5,16,125.36490755
5,16,7.7244192
5,16,171.97658169
5,16,106.05824547
5,16,196.40679795
5,16,61.04222978
5,16,100.52468199
5,16,85.47377132
5,16,113.80970274
5,16,90.97292693
5,16,150.32909762
5,16,217.75841667
5,16,140.98156909
5,16,41.35524057
5,16,218.12045655
5,16,199.63038376
5,16,129.85942955
5,16,318.09552341
5,16,125.07122097
5,16,49.07401972
5,16,200.07244909
5,16,215.03656454
5,16,226.31164428
5,16,258.31591756
5,16,148.91236016
5,16,120.53754162
5,16,54.6243656
5,16,102.23232139
5,16,59.0628023
5,16,112.44731425
