3,23,118.2733803
3,23,154.95506559
3,23,111.0900251
3,23,144.80630549
3,23,156.98416279
3,23,122.29780268
3,23,158.67864622
3,23,107.58910214
3,23,143.73478652
3,23,152.7155624
3,23,111.32949551
3,23,144.70352231
3,23,133.94152224
3,23,154.21678732
3,23,132.21751634
3,23,97.33061385
3,23,144.21435323
3,23,114.09756343
3,23,126.96559667
3,23,117.58119325
3,23,134.62171022
3,23,99.70835131
3,23,124.49878802
3,23,134.37175985
3,23,130.80322048
3,23,124.25090251
3,23,135.6678775
3,23,121.39387001
3,23,124.64756148
3,23,106.87122062
