3,1,403.78397698
3,1,255.36622264
3,1,461.41238703
3,1,368.96415319
3,1,390.75604221
3,1,368.16934922
3,1,414.12468566
3,1,414.92130284
3,1,431.48900944
3,1,278.57887094
3,1,398.13310468
3,1,280.41870168
3,1,258.45502285
3,1,405.56268059
3,1,208.39522119
3,1,407.39501205
3,1,429.1111444
3,1,436.9738828
3,1,232.69287429
3,1,446.26017198
3,1,368.25790917
3,1,313.0772672
3,1,411.42497911
3,1,386.28543509
3,1,328.64211139
3,1,395.27338473
3,1,332.83987404
3,1,441.64761356
3,1,433.08712201
3,1,441.20237708
