5,14,158.34993561
5,14,132.52486056
5,14,32.73931348
5,14,121.97348479
5,14,184.08858554
5,14,119.64381517
5,14,148.74274866
5,14,4.75962761
5,14,375.65055034
5,14,156.90417413
5,14,128.7562232
5,14,11.89461595
5,14,162.69686615
5,14,457.18251768
5,14,216.0174936
5,14,144.82881016
5,14,43.63606122
5,14,168.85373952
5,14,122.49332904
5,14,105.08834642
5,14,594.8781846
5,14,184.35077148
5,14,358.56379936
5,14,133.65235963
5,14,146.07017842
5,14,132.71233778
5,14,160.57805386
5,14,141.38518456
5,14,190.61077699
5,14,165.07297665
5,14,105.66415854
5,14,83.50883361
5,14,76.94929471
5,14,14.28164041
5,14,41.73835155
5,14,205.27944518
5,14,123.94517009
5,14,110.03214102
5,14,345.50737324
5,14,210.14598345
5,14,302.28293433
5,14,625.3805566
5,14,382.27464046
5,14,52.58357193
5,14,166.58428678
5,14,196.29622481
5,14,143.68367063
5,14,80.76119578
5,14,392.61979306
5,14,232.39284954
