5,14,44.91857072
5,14,65.75834872
5,14,13.57495543
5,14,38.20810694
5,14,111.31669737
5,14,98.32116516
5,14,191.35350335
5,14,17.71439672
5,14,14.70777274
5,14,44.83267224
5,14,42.24767305
5,14,31.28081626
5,14,39.94267785
5,14,66.16498032
5,14,16.00493767
5,14,57.2441745
5,14,44.00697083
5,14,86.55513466
5,14,46.73879898
5,14,48.13109204
5,14,123.00965083
5,14,27.47501977
5,14,40.03930167
5,14,70.63820612
5,14,170.82430685
5,14,32.83283789
5,14,15.44912992
5,14,60.76744593
5,14,8.68780917
5,14,256.36310185
5,14,93.79120682
5,14,62.52163172
5,14,224.13621944
5,14,150.8899788
5,14,47.96434353
5,14,122.66492728
5,14,72.01946753
5,14,124.64955202
5,14,45.69671485
5,14,208.6603991
5,14,72.12430222
5,14,74.7474859
5,14,256.069823
5,14,6.38962334
5,14,25.84341957
5,14,2.61516948
5,14,123.65675055
5,14,56.98392898
5,14,87.81485242
5,14,135.04503415
