3,9,3705.27899467
3,9,6696.88323169
3,9,6568.17424034
3,9,2091.62365209
3,9,7089.92032983
3,9,9433.8269638
3,9,14174.41352524
3,9,19169.69658186
3,9,41638.72499632
3,9,26740.4650283
3,9,6004.51177017
3,9,4742.02400622
3,9,12313.66269636
3,9,1794.95607315
3,9,44289.20564376
3,9,26326.80752378
3,9,18596.7905419
3,9,62295.85395778
3,9,34203.06568324
3,9,48390.05612822
3,9,68810.20146852
3,9,20835.89285183
3,9,15202.30012323
3,9,36974.33668951
3,9,39341.45429342
3,9,46482.27679216
3,9,26556.97542022
3,9,10192.31034859
3,9,45421.24162568
3,9,32575.69740217
