3,9,6405.9905079
3,9,5373.50917178
3,9,25105.39562882
3,9,33862.62694713
3,9,2083.44424497
3,9,30350.10342946
3,9,12674.19247982
3,9,17968.93778319
3,9,15135.49684625
3,9,7023.697606
3,9,45604.31151881
3,9,3585.46195117
3,9,35822.36326169
3,9,6872.3700118
3,9,3959.10186391
3,9,3453.43904914
3,9,80273.77877312
3,9,557.15242019
3,9,375.74488556
3,9,22692.98943044
3,9,22804.98869252
3,9,10820.84656068
3,9,3526.26454772
3,9,14896.78101024
3,9,37106.59012679
3,9,40382.14221333
3,9,7277.79420143
3,9,7986.52943963
3,9,55465.83979074
3,9,130040.21716475
