5,3,591.1784669
5,3,691.5395172
5,3,309.22395274
5,3,260.66053948
5,3,264.2246336
5,3,449.72480867
5,3,543.30300024
5,3,495.42034496
5,3,314.78978084
5,3,390.20623541
5,3,506.48611939
5,3,711.32333694
5,3,695.21165642
5,3,982.25829898
5,3,689.63092863
5,3,292.05502089
5,3,543.02636577
5,3,418.54379676
5,3,538.43471153
5,3,780.62377186
5,3,921.70562778
5,3,198.57300106
5,3,413.05320265
5,3,865.82769681
5,3,296.44781045
5,3,630.57677203
5,3,357.14563295
5,3,370.38684783
5,3,513.27249684
5,3,710.6204091
5,3,471.17049119
5,3,582.88002277
5,3,428.75600906
5,3,582.95843388
5,3,784.33924907
5,3,425.53434194
5,3,372.73080441
5,3,725.77368247
5,3,915.19472388
5,3,364.6804939
5,3,501.14098758
5,3,917.72358858
5,3,826.57769586
5,3,355.83662052
5,3,441.82004668
5,3,671.35007222
5,3,662.38133338
5,3,381.90946262
5,3,738.06775588
5,3,164.14484862
