3,18,111.53873197
3,18,1271.16994057
3,18,452.02628544
3,18,248.09815814
3,18,553.45068662
3,18,535.28323616
3,18,318.18449531
3,18,130.81839278
3,18,15.87852877
3,18,262.53279245
3,18,75.17443597
3,18,870.22600693
3,18,216.8622469
3,18,965.99009168
3,18,441.10198178
3,18,353.4703379
3,18,134.87789674
3,18,186.18420251
3,18,62.12055366
3,18,210.86368545
3,18,118.99720285
3,18,312.04396198
3,18,155.45257223
3,18,286.2284097
3,18,370.68172293
3,18,131.67274142
3,18,500.97201972
3,18,269.26864381
3,18,196.92600319
3,18,26.96456949
