3,3,450.60724742
3,3,515.69360238
3,3,677.61232486
3,3,332.3171981
3,3,470.65266158
3,3,536.68255017
3,3,1737.31103507
3,3,1620.97458516
3,3,333.32668463
3,3,581.44454454
3,3,108.76784311
3,3,453.54465058
3,3,1072.78814312
3,3,786.79696072
3,3,317.12453492
3,3,454.23762992
3,3,1393.08220448
3,3,286.21869532
3,3,671.57430447
3,3,923.75050807
3,3,1673.57273542
3,3,2463.38993257
3,3,247.67931013
3,3,172.02045994
3,3,262.65445817
3,3,879.51717306
3,3,1989.56070404
3,3,241.45742843
3,3,173.72193066
3,3,326.71813989
