5,5,9.20105008
5,5,14.34816977
5,5,35.91700854
5,5,35.35572815
5,5,0.65619151
5,5,114.12893831
5,5,21.71289867
5,5,10.45267597
5,5,42.87059879
5,5,3.41522966
5,5,6.71957867
5,5,43.99108187
5,5,99.01793632
5,5,37.73519381
5,5,26.78309331
5,5,108.3879003
5,5,42.91383216
5,5,22.49573864
5,5,93.20411115
5,5,17.00551018
5,5,69.07954832
5,5,43.42226026
5,5,12.14585333
5,5,0.22512956
5,5,39.44815832
5,5,58.02868712
5,5,49.50732434
5,5,159.651164
5,5,103.81855503
5,5,4.03989634
5,5,43.22756487
5,5,122.77733985
5,5,76.74777758
5,5,47.66223756
5,5,93.93015841
5,5,9.08697558
5,5,17.7930937
5,5,1.34041644
5,5,88.49058257
5,5,70.32882756
5,5,7.87584304
5,5,22.80642197
5,5,69.46044119
5,5,4.86435626
5,5,9.8566957
5,5,25.17739851
5,5,56.32567775
5,5,10.01446715
5,5,59.48421184
5,5,51.06390409
