5,11,23336601.02280424
5,11,7122551.61666372
5,11,8297275.83639457
5,11,1016416.08538252
5,11,3542554.79540632
5,11,9580963.03838848
5,11,4203576.6543535
5,11,5610391.95585618
5,11,1193291.67580496
5,11,4853449.16991503
5,11,4613596.16511777
5,11,2002373.47609882
5,11,5119050.9294405
5,11,7833061.10375562
5,11,49573520.2985467
5,11,17430556.28605577
5,11,37166626.87235644
5,11,4946465.63107788
5,11,26249618.23201815
5,11,22543916.59213694
5,11,5030279.81676535
5,11,3693502.21651588
5,11,12055714.34168638
5,11,1127068.04138628
5,11,8783265.14094708
5,11,7436877.88043088
5,11,597750.53842602
5,11,11351662.99341496
5,11,2075057.23282413
5,11,234837.82803003
5,11,2571432.26891449
5,11,30882848.69229106
5,11,6690146.93450757
5,11,8288151.81628079
5,11,2168019.26730238
5,11,6927396.31365236
5,11,7988123.41691456
5,11,3370840.31444796
5,11,20917357.70119167
5,11,3081709.23595848
5,11,12908752.76345167
5,11,4351809.67251774
5,11,3605948.77564186
5,11,2263672.4644682
5,11,13871007.7439908
5,11,12750716.00716124
5,11,30567599.22467841
5,11,55350.61751623
5,11,235736.96534115
5,11,10322268.80662286
