3,8,10103.71306942
3,8,785.79151496
3,8,43565.87330099
3,8,71477.73527018
3,8,47520.21975619
3,8,10305.44488536
3,8,3798.12228631
3,8,1081.97990514
3,8,36057.95301717
3,8,31540.19990437
3,8,31538.4570869
3,8,22416.31058589
3,8,20228.19125424
3,8,2706.45121711
3,8,23586.23848971
3,8,12014.20199794
3,8,11499.02064102
3,8,5900.18308343
3,8,9369.57549837
3,8,5560.80416956
3,8,1119.44851038
3,8,84390.90204058
3,8,121324.72609355
3,8,5060.81486833
3,8,19469.71266702
3,8,46362.88304115
3,8,6924.98875709
3,8,14009.77023211
3,8,104865.02017163
3,8,56815.26192094
