5,8,144645.89221124
5,8,11875.19048734
5,8,55967.25237366
5,8,261287.67227887
5,8,63293.09269959
5,8,19624.16637624
5,8,96897.80503992
5,8,5896.17293849
5,8,298059.66577422
5,8,80262.50623366
5,8,88669.43592582
5,8,288882.56992046
5,8,117173.8619974
5,8,554123.24152236
5,8,354798.29183334
5,8,314587.5957184
5,8,145898.08308634
5,8,196284.16935716
5,8,22631.75125751
5,8,212951.27448738
5,8,388161.93853858
5,8,19379.05208201
5,8,50297.28810611
5,8,457331.95149702
5,8,113566.21832824
5,8,253831.28079787
5,8,264955.36261576
5,8,246806.68656076
5,8,220708.97833876
5,8,262150.35834947
5,8,98098.12326493
5,8,87911.80488187
5,8,426305.09076633
5,8,28833.10254355
5,8,580469.29296881
5,8,108421.16105498
5,8,7842.07436971
5,8,605900.60760948
5,8,184820.76662069
5,8,38585.98582382
5,8,626789.4477572
5,8,141008.01326812
5,8,413602.77528004
5,8,25899.63584824
5,8,309596.91708796
5,8,8542.38406684
5,8,199834.84286091
5,8,371264.35541366
5,8,173757.25016189
5,8,34849.95954342
