3,9,218819.29782861
3,9,20618.47803604
3,9,18395.42827579
3,9,22346.80464029
3,9,4252.38077697
3,9,12920.31145505
3,9,14277.61166809
3,9,6614.91980377
3,9,8128.35128747
3,9,4614.99044263
3,9,124320.10856655
3,9,7069.28060272
3,9,2095.72963076
3,9,1126.07271485
3,9,182185.74923981
3,9,19126.96393607
3,9,11041.10503424
3,9,4951.82813554
3,9,4185.06037523
3,9,8727.16749791
3,9,101851.22952891
3,9,27892.22538557
3,9,44886.549292
3,9,33141.42056959
3,9,7477.70976835
3,9,23503.34562086
3,9,49375.19273868
3,9,28715.46425134
3,9,8218.6969235
3,9,43802.91539778
