3,22,1343.20690525
3,22,2150.82876993
3,22,1403.37694605
3,22,1547.72795226
3,22,1552.71035731
3,22,1729.86087215
3,22,1205.85988998
3,22,1275.77646754
3,22,1137.72206909
3,22,1227.36136336
3,22,1618.26523556
3,22,1145.34108737
3,22,1319.19528059
3,22,1857.44450838
3,22,1689.75842672
3,22,1297.84411101
3,22,2125.78773318
3,22,2474.83270817
3,22,1413.42338597
3,22,1533.45489533
3,22,1328.21801394
3,22,1155.5674945
3,22,2216.54295798
3,22,1782.08494923
3,22,1398.6505881
3,22,1234.60520217
3,22,1740.42919401
3,22,1915.39686348
3,22,2191.14003614
3,22,2353.44522963
