5,2,15339925.6277807
5,2,4223552.50323532
5,2,1791878.65829505
5,2,29896629.65519684
5,2,3002029.03143895
5,2,42963972.28094328
5,2,19482387.11415273
5,2,669817.0373603
5,2,352219.94056263
5,2,13053588.80990984
5,2,48483906.31973369
5,2,439602.58379578
5,2,27405443.09516212
5,2,1059126.13117325
5,2,22450229.45359033
5,2,135451.93850949
5,2,42024152.2036452
5,2,81121.69613347
5,2,9982372.93157316
5,2,57280416.03376973
5,2,2692977.84953673
5,2,8414956.87339993
5,2,61087844.375465
5,2,916468.66663625
5,2,3722440.31732859
5,2,3670914.99499221
5,2,7903023.322285
5,2,19485557.37063584
5,2,18017554.25386579
5,2,50967854.99629804
5,2,1692098.05970055
5,2,14563861.56264858
5,2,1193330.39290159
5,2,36790248.59304355
5,2,40012688.1321024
5,2,21250904.07124881
5,2,55358227.86892524
5,2,1824049.19940158
5,2,159003.24563654
5,2,3416277.88488203
5,2,21619271.72255882
5,2,61862893.23065014
5,2,24110176.65399985
5,2,25215860.34905861
5,2,64654391.50326263
5,2,2846242.17724579
5,2,21863428.98934486
5,2,47744423.67941333
5,2,62052460.71246595
5,2,974768.72844748
