5,15,1819.75582702
5,15,61.87367099
5,15,32.81625814
5,15,696.00324959
5,15,580.28079274
5,15,1085.16183793
5,15,1206.25076899
5,15,125.96261343
5,15,297.18152367
5,15,1564.71166171
5,15,1450.65637402
5,15,83.25526354
5,15,1340.18704662
5,15,898.7650142
5,15,232.46458693
5,15,50.60109217
5,15,291.16777044
5,15,915.51566387
5,15,221.64793679
5,15,788.76427514
5,15,486.30228072
5,15,96.85301426
5,15,271.56295535
5,15,560.32296549
5,15,2367.47742248
5,15,23.63412699
5,15,19.38776715
5,15,970.53010845
5,15,317.38873497
5,15,465.00361755
5,15,887.15646378
5,15,19.47730926
5,15,17.5782216
5,15,627.16089329
5,15,1185.97220114
5,15,658.67900788
5,15,315.72177508
5,15,28.71016925
5,15,860.49235305
5,15,342.43985911
5,15,182.09276686
5,15,2773.78747631
5,15,94.47307558
5,15,2437.33986641
5,15,706.03741192
5,15,46.86202291
5,15,681.90090655
5,15,118.86365863
5,15,1063.66453718
5,15,12.35105094
