3,4,569.52504214
3,4,1189.43884677
3,4,2869.20089244
3,4,1868.58167586
3,4,195.82412764
3,4,816.91072168
3,4,1207.26689416
3,4,1963.03680083
3,4,327.79750775
3,4,4051.67614455
3,4,1236.2219388
3,4,522.2939842
3,4,231.74795132
3,4,310.20366148
3,4,456.3371529
3,4,920.46083072
3,4,794.92814394
3,4,685.09313258
3,4,512.04661898
3,4,295.79909506
3,4,728.991796
3,4,485.4381838
3,4,367.69446607
3,4,722.31002983
3,4,651.69536935
3,4,540.45538443
3,4,114.23285529
3,4,118.58165201
3,4,210.11538459
3,4,120.86194772
