5,12,26307419.72573091
5,12, 2.13237776e+09
5,12, 3.50894981e+08
5,12, 4.42200687e+08
5,12,50897056.53833633
5,12, 2.51401059e+08
5,12, 6.58112107e+08
5,12, 3.63862522e+08
5,12, 4.06851932e+08
5,12, 2.15319454e+08
5,12, 3.24455489e+08
5,12, 3.50993208e+08
5,12, 2.42598835e+08
5,12, 6.09102553e+08
5,12, 5.46548708e+08
5,12,926707.26097561
5,12, 4.68269195e+08
5,12, 2.58031048e+08
5,12, 1.92613246e+08
5,12, 5.68099912e+08
5,12, 1.67763011e+08
5,12, 3.23852641e+08
5,12, 2.14597304e+09
5,12,749175.17856827
5,12, 2.25937629e+08
5,12, 2.00296950e+08
5,12, 4.04027680e+08
5,12,4951701.4376456
5,12,9034162.61929147
5,12, 1.46313583e+08
5,12, 2.32893240e+08
5,12, 4.08423865e+08
5,12,93544729.1155107
5,12,44443441.4560594
5,12, 2.41558312e+08
5,12, 1.07698750e+08
5,12, 4.39548860e+08
5,12,84335242.81442176
5,12,45787049.6929495
5,12, 1.96648016e+08
5,12,31782023.69145466
5,12, 1.20473164e+08
5,12, 4.83065163e+08
5,12, 3.92925320e+08
5,12, 2.37566042e+08
5,12, 2.34358775e+08
5,12, 6.35011507e+08
5,12,9155663.05891585
5,12, 1.25301227e+08
5,12,3372497.44505404
