3,14,140.54895008
3,14,127.15696732
3,14,212.97502765
3,14,105.43595596
3,14,143.995069
3,14,156.30174995
3,14,168.06189626
3,14,166.05416393
3,14,102.258942
3,14,149.57731815
3,14,128.84936118
3,14,148.68352821
3,14,114.55565308
3,14,131.78995036
3,14,135.68847308
3,14,151.5311485
3,14,166.25031257
3,14,188.99607783
3,14,159.42010971
3,14,178.3471466
3,14,68.37347042
3,14,90.3017672
3,14,130.82479381
3,14,134.47879473
3,14,186.4023946
3,14,93.93814722
3,14,185.30161841
3,14,227.68279014
3,14,160.11528867
3,14,189.06564851
