3,4,1338.10530642
3,4,3777.25035548
3,4,3602.05777327
3,4,10.59499957
3,4,2108.06257067
3,4,1172.25668209
3,4,595.2018503
3,4,423.53600927
3,4,111.89912911
3,4,3076.43967525
3,4,2515.96693969
3,4,283.96615018
3,4,71.34329175
3,4,1820.16907928
3,4,3232.38603139
3,4,3206.13162881
3,4,59.26624063
3,4,81.83414426
3,4,196.37973719
3,4,2032.31907392
3,4,277.18582294
3,4,213.9233133
3,4,96.23867327
3,4,3379.43720216
3,4,5525.59376267
3,4,19.98484427
3,4,204.91603188
3,4,2696.73725866
3,4,1653.88245364
3,4,372.20891986
