3,3,321.14880486
3,3,73.41201027
3,3,133.85403432
3,3,329.76634347
3,3,684.54890902
3,3,123.98157554
3,3,458.42514079
3,3,472.42122589
3,3,839.04299081
3,3,401.74567406
3,3,425.15191002
3,3,171.25548828
3,3,251.51345836
3,3,59.93392259
3,3,480.38534394
3,3,199.20288189
3,3,553.53571434
3,3,278.7154784
3,3,783.79860126
3,3,318.10391208
3,3,466.146015
3,3,443.75855347
3,3,896.47598652
3,3,279.17269702
3,3,89.34699008
3,3,367.52595855
3,3,233.03284313
3,3,559.3970269
3,3,328.50694515
3,3,233.32913805
