3,2,5494568.71976527
3,2,12999894.73614081
3,2,3007105.6628602
3,2,27868531.17779488
3,2,3905815.73129278
3,2,8668176.99197328
3,2,2089782.68502854
3,2,28828647.21771494
3,2,21383362.39294801
3,2,13847137.215203
3,2,40321891.24430598
3,2,17963979.30222693
3,2,10479177.18870085
3,2,18944230.41133358
3,2,3134032.62897054
3,2,8024943.73250482
3,2,45892150.369581
3,2,8759023.28345123
3,2,48481769.3931844
3,2,7692898.62844907
3,2,49103516.91435431
3,2,2843279.60058676
3,2,3254169.24715341
3,2,584745.92981872
3,2,6210122.76810407
3,2,21253053.24382936
3,2,26878613.59431686
3,2,25262518.37850521
3,2,46223470.20101546
3,2,2028364.22011012
