3,13,477.08574904
3,13,505.6444187
3,13,269.41243053
3,13,199.61928083
3,13,858.35033599
3,13,300.87441924
3,13,200.97807312
3,13,1045.83844432
3,13,60.83718458
3,13,521.88897916
3,13,29.85308304
3,13,179.21937419
3,13,99.19947761
3,13,194.43148592
3,13,47.38490269
3,13,287.18436243
3,13,86.01049202
3,13,1199.12054104
3,13,279.15187729
3,13,905.29397317
3,13,104.32039903
3,13,790.25991383
3,13,342.74532038
3,13,95.74041115
3,13,136.7622128
3,13,575.55346724
3,13,592.45749941
3,13,480.69920981
3,13,555.84250113
3,13,465.97191345
