3,19,547.664108
3,19,368.69848261
3,19,556.93955082
3,19,609.61934468
3,19,516.21053617
3,19,492.701313
3,19,493.60074031
3,19,559.28485116
3,19,508.65714256
3,19,553.06125184
3,19,594.74097295
3,19,554.69032592
3,19,500.03889256
3,19,569.43723947
3,19,606.49846359
3,19,596.61822827
3,19,568.40834881
3,19,548.20095734
3,19,603.20846748
3,19,543.72897393
3,19,498.19552323
3,19,612.97828755
3,19,508.58091071
3,19,541.6945673
3,19,547.74264732
3,19,548.83320222
3,19,321.2502659
3,19,465.83007893
3,19,542.99691525
3,19,491.25233625
