5,2,3488508.09999104
5,2,1815979.4298979
5,2,5427509.30450501
5,2,7875085.64961247
5,2,7674406.91606116
5,2,14558219.36836891
5,2,12118062.29466533
5,2,17809146.7055554
5,2,10085903.05243745
5,2,7448345.70689132
5,2,1316182.27921613
5,2,998611.70561695
5,2,21579797.52131575
5,2,7649219.95865137
5,2,3441120.32398428
5,2,21621449.0160445
5,2,12416805.93650391
5,2,1409430.13383307
5,2,1696588.39063519
5,2,8777135.07988653
5,2,3523007.88865507
5,2,7783233.59731204
5,2,19947777.57323863
5,2,4235031.83578169
5,2,1160305.62359811
5,2,16191628.70864851
5,2,24162904.62104695
5,2,1453463.78911341
5,2,1941124.9746511
5,2,3679026.66231814
5,2,5711888.88867824
5,2,3732779.63301123
5,2,14836038.91793323
5,2,5002863.0926366
5,2,3531832.36632206
5,2,21880068.72085194
5,2,21907008.04186004
5,2,5539060.53726655
5,2,6727205.17497884
5,2,13397723.10489881
5,2,21608190.06779372
5,2,10705955.88720221
5,2,13182992.61180184
5,2,12962056.17426149
5,2,15252106.7744376
5,2,708851.01922189
5,2,5062401.80979808
5,2,1267337.77992765
5,2,7747092.84459665
5,2,3703502.78704433
