5,13,684.21808653
5,13,231.8373198
5,13,180.3785393
5,13,398.51692389
5,13,2869.47905534
5,13,116.73292592
5,13,434.60646967
5,13,1653.65362684
5,13,555.14841947
5,13,271.95857677
5,13,111.69779243
5,13,151.5580549
5,13,620.40885767
5,13,1713.47452021
5,13,396.24200992
5,13,930.92763285
5,13,307.82280628
5,13,273.49647186
5,13,101.15845356
5,13,524.13396058
5,13,459.81734271
5,13,328.51352595
5,13,883.24844576
5,13,1664.99791993
5,13,101.9873811
5,13,2960.54780211
5,13,496.4061228
5,13,146.66912581
5,13,445.56321078
5,13,845.39436233
5,13,1995.41210298
5,13,892.91506793
5,13,795.83439905
5,13,159.21419966
5,13,2057.68182943
5,13,313.1344276
5,13,975.08931165
5,13,1149.26975086
5,13,381.37315304
5,13,373.61530108
5,13,1893.50009834
5,13,558.5311215
5,13,510.23940469
5,13,313.01071838
5,13,412.77991414
5,13,1534.06032222
5,13,911.89051696
5,13,1350.95834924
5,13,611.33932242
5,13,1837.44141807
