3,4,8790.74353752
3,4,4556.98264398
3,4,432.11577286
3,4,181.43029846
3,4,4438.48451446
3,4,413.01713926
3,4,404.24527132
3,4,859.8331412
3,4,466.51580225
3,4,659.55310756
3,4,969.19130225
3,4,668.84323975
3,4,1800.66096897
3,4,612.17169191
3,4,100.16481548
3,4,630.85999774
3,4,590.72422043
3,4,2592.26851967
3,4,8596.31417235
3,4,704.91314166
3,4,2916.6903774
3,4,554.80196303
3,4,6718.20600725
3,4,695.25707345
3,4,4146.51132293
3,4,498.19293262
3,4,389.78771756
3,4,9548.23136824
3,4,1740.46276762
3,4,488.02432625
