5,15,964.39591049
5,15,279.77096798
5,15,281.89053865
5,15,2898.70670349
5,15,1678.14799544
5,15,1675.87330445
5,15,1434.82788633
5,15,1660.06710766
5,15,58.91288879
5,15,929.73342365
5,15,1702.77608248
5,15,1351.23450464
5,15,3559.65826626
5,15,577.29065676
5,15,1938.01722429
5,15,3330.67894531
5,15,3496.04256576
5,15,1241.78173962
5,15,417.60592659
5,15,1512.27423372
5,15,397.29758675
5,15,462.09079253
5,15,528.3590206
5,15,1314.60939548
5,15,593.70637456
5,15,779.76779688
5,15,172.79013871
5,15,3276.02997366
5,15,1075.08120223
5,15,960.65291965
5,15,2702.8068001
5,15,3639.15487774
5,15,854.60919775
5,15,23.50344687
5,15,838.22416191
5,15,1166.94726958
5,15,2662.68918487
5,15,1153.88425859
5,15,964.0775305
5,15,1166.31615215
5,15,1090.58228087
5,15,1601.06657078
5,15,1877.78515592
5,15,3300.55354605
5,15,172.50255477
5,15,816.53841184
5,15,804.82812482
5,15,2481.00626522
5,15,560.05262164
5,15,204.40789516
