5,14,103.53544496
5,14,1.06937275
5,14,47.87309409
5,14,238.15906147
5,14,76.11178921
5,14,53.4711481
5,14,26.33363963
5,14,40.82366961
5,14,60.05427934
5,14,92.64763314
5,14,37.93563585
5,14,64.05274281
5,14,185.400888
5,14,75.83983561
5,14,47.32904613
5,14,78.32234578
5,14,50.43223289
5,14,165.65344659
5,14,95.51290879
5,14,145.20527335
5,14,62.14331063
5,14,50.44682661
5,14,20.84686373
5,14,166.63068911
5,14,112.02201245
5,14,45.96903482
5,14,237.92959419
5,14,76.93903164
5,14,117.49905656
5,14,12.76676825
5,14,107.70521585
5,14,107.3947935
5,14,74.40573107
5,14,136.37188785
5,14,21.40950918
5,14,122.14172722
5,14,134.93508476
5,14,8.00013363
5,14,49.58001447
5,14,60.35566241
5,14,52.96158817
5,14,75.38534442
5,14,62.90717194
5,14,1.52672094
5,14,24.04685182
5,14,288.67979935
5,14,72.74665217
5,14,44.12202066
5,14,41.96271086
5,14,49.66059461
