3,13,1618.82503454
3,13,1009.17417339
3,13,589.71949236
3,13,444.64004162
3,13,1148.19729557
3,13,728.15841638
3,13,856.99718042
3,13,1049.34276931
3,13,121.89853779
3,13,978.74577425
3,13,532.70348366
3,13,577.77264019
3,13,285.12404475
3,13,399.93822451
3,13,476.56954491
3,13,687.05166854
3,13,169.01827384
3,13,211.4781526
3,13,716.39473017
3,13,627.41729564
3,13,562.10250381
3,13,321.9464413
3,13,1574.87918265
3,13,714.96864917
3,13,912.42336639
3,13,1552.63137055
3,13,900.9745708
3,13,663.60169351
3,13,1056.5041346
3,13,181.66360202
