5,12, 1.12776050e+08
5,12,34627582.50703514
5,12,89107247.85577635
5,12, 1.25922830e+10
5,12, 1.66575074e+10
5,12, 1.13859316e+08
5,12,70663933.54917067
5,12, 1.02601492e+08
5,12,55578027.40935232
5,12, 2.13601212e+08
5,12, 1.53243030e+08
5,12, 1.81804102e+10
5,12, 5.80928108e+08
5,12, 2.65589853e+09
5,12, 1.05805936e+08
5,12, 3.49384768e+08
5,12,4903316.10347205
5,12,28668445.28693356
5,12, 1.06768563e+08
5,12, 2.01455604e+08
5,12,79094422.12722236
5,12,1486759.73993041
5,12, 4.05873237e+08
5,12,1857303.06365067
5,12, 1.95748381e+08
5,12,83686713.12960732
5,12, 2.27925481e+10
5,12,53111244.02175318
5,12,52451658.96271621
5,12,58937489.23298973
5,12, 1.30829886e+08
5,12, 2.50345686e+08
5,12,68670181.45099953
5,12,64937466.68839955
5,12, 1.17926658e+08
5,12,84324548.78334141
5,12, 2.94717577e+08
5,12, 2.41073935e+08
5,12, 3.03655533e+09
5,12, 4.98047263e+08
5,12,95580203.17490664
5,12, 1.16416619e+09
5,12, 1.29993363e+08
5,12,81742015.89298248
5,12, 1.77013765e+09
5,12, 2.30270570e+09
5,12, 3.46988763e+08
5,12,4880517.08494391
5,12, 3.89256050e+09
5,12, 1.71095162e+08
