5,17,12.52928289
5,17,4.85327206
5,17,5.09266971
5,17,30.03327174
5,17,11.01218324
5,17,49.85604817
5,17,82.12428105
5,17,17.77730003
5,17,4.08662199
5,17,29.65822547
5,17,12.88419793
5,17,21.92223253
5,17,36.74519332
5,17,7.01762479
5,17,45.2395267
5,17,30.27449921
5,17,14.98296587
5,17,15.1234956
5,17,26.82069654
5,17,7.37939823
5,17,26.41665443
5,17,4.34446133
5,17,0.23519102
5,17,59.6258016
5,17,11.09983612
5,17,19.71029349
5,17,8.70788077
5,17,14.87395025
5,17,36.12805286
5,17,10.5799266
5,17,11.99217814
5,17,34.79539905
5,17,38.49973528
5,17,18.92768148
5,17,1.63083406
5,17,25.40321378
5,17,18.16660816
5,17,21.04325587
5,17,37.89842975
5,17,32.08398315
5,17,0.74299474
5,17,4.10720221
5,17,19.24915369
5,17,16.15177566
5,17,43.51359376
5,17,17.30083537
5,17,6.15751634
5,17,18.79867646
5,17,10.59013264
5,17,26.63306699
