3,22,509.26038883
3,22,44.42171687
3,22,499.67021726
3,22,618.24180944
3,22,385.40784664
3,22,756.1139579
3,22,685.88723383
3,22,313.51166209
3,22,711.31981666
3,22,723.1434325
3,22,442.54976714
3,22,700.2220393
3,22,915.73371531
3,22,116.36661604
3,22,838.83633488
3,22,57.81977985
3,22,651.84220842
3,22,88.58116814
3,22,713.62188048
3,22,490.502373
3,22,875.15083988
3,22,875.41492325
3,22,691.05387648
3,22,659.29114173
3,22,51.44685325
3,22,800.98149292
3,22,204.09345157
3,22,530.81586835
3,22,259.12610721
3,22,128.23546969
