5,11,1902455.28768045
5,11,25990756.31027252
5,11,27559758.58147521
5,11,7866002.00306553
5,11,7213573.17851237
5,11,10973083.90569174
5,11,10248568.39137366
5,11,6104074.1235464
5,11,7477761.13732612
5,11,5527555.42139149
5,11,11076758.64820363
5,11,697414.35786952
5,11,17737879.26888298
5,11,114209.59332373
5,11,24317937.14766273
5,11,17176128.36037409
5,11,7906512.81267518
5,11,3085937.00108429
5,11,19347888.75883177
5,11,21532568.5591326
5,11,63877967.88682712
5,11,18820757.89152774
5,11,3641490.01657667
5,11,37036416.63214198
5,11,7110971.75778596
5,11,4315243.16920333
5,11,52689074.74265499
5,11,6383813.23910185
5,11,8099565.0181884
5,11,21693395.40698313
5,11,5009742.2340917
5,11,817159.78503436
5,11,33967763.427784
5,11,22236539.75081432
5,11,1090075.61585936
5,11,4598083.6818792
5,11,576324.5114581
5,11,20209410.7893781
5,11,9718496.97570351
5,11,10527022.79218074
5,11,1791278.61326074
5,11,46850889.66202296
5,11,14081475.97374454
5,11,31031730.56057143
5,11,2652405.83741387
5,11,15963410.67664223
5,11,2268635.9706877
5,11,31735503.94277114
5,11,2358895.72344882
5,11,20998087.43977731
