5,11,6716118.13570767
5,11,63554791.98893863
5,11,11951771.80811721
5,11,819450.15778388
5,11,10860965.73310531
5,11,42580724.89846715
5,11,35590709.40758093
5,11,80478677.19735853
5,11,40232682.14644618
5,11,234341.72187164
5,11,439189.29602159
5,11,5680340.25557462
5,11,9301277.66351579
5,11,4115424.71347513
5,11,14020191.57600469
5,11,25457711.44679938
5,11,3964120.16638289
5,11,12886185.66623429
5,11,4959240.94921868
5,11,14793887.23074799
5,11,9169085.87535965
5,11,31548029.19319675
5,11,16697000.40981754
5,11,37414045.96621925
5,11,46575417.94826462
5,11,14538728.97505393
5,11,21044733.05015059
5,11,5507879.1306397
5,11,3167413.74779866
5,11,15293353.32080171
5,11,2646018.47287344
5,11,2751607.98111036
5,11,23246021.24942349
5,11,2140843.70298341
5,11,22173698.60824785
5,11,316956.76195791
5,11,22988015.18063241
5,11,5160482.95636171
5,11,1569081.05184497
5,11,3259904.28784202
5,11,2916252.30584792
5,11,28866048.9868933
5,11,38211349.1878622
5,11,3594304.28665325
5,11,3621739.79444206
5,11,705753.53183342
5,11,26373067.11165794
5,11,3746329.3273353
5,11,3458037.99028813
5,11,6828488.18014866
