5,20,26718.53604819
5,20,103966.19544362
5,20,12404.58227486
5,20,32545.75740779
5,20,87473.07793189
5,20,235396.3471647
5,20,3139.69424759
5,20,98380.17469969
5,20,57673.59980034
5,20,53240.66964804
5,20,29237.73335309
5,20,23049.92001989
5,20,22832.9006612
5,20,97683.67411412
5,20,45737.48284029
5,20,8686.72495869
5,20,73422.43459932
5,20,36268.5285698
5,20,1176.87731577
5,20,40656.78499037
5,20,2024.9109232
5,20,15550.14417657
5,20,87396.80150581
5,20,36137.00721898
5,20,44461.42666627
5,20,2646.40414269
5,20,152836.46814644
5,20,26518.4650445
5,20,35886.15066453
5,20,18150.31197713
5,20,92163.16137202
5,20,18312.78350567
5,20,64272.91942253
5,20,14834.66950343
5,20,94010.18952556
5,20,69649.60185037
5,20,48826.21891035
5,20,118839.37293596
5,20,111385.75745175
5,20,253.51151823
5,20,33575.88863556
5,20,15898.84589294
5,20,164630.56440364
5,20,9544.7751806
5,20,16990.2739569
5,20,78136.74688446
5,20,37722.4050928
5,20,31867.42408521
5,20,8035.29997471
5,20,2241.3732709
