5,19,20.43194232
5,19,39.10574741
5,19,67.95238359
5,19,28.35067646
5,19,86.91157821
5,19,0.23627563
5,19,85.83101807
5,19,52.87129574
5,19,7.62454483
5,19,34.80107714
5,19,38.82421168
5,19,26.61032451
5,19,8.5551762
5,19,114.54814806
5,19,24.14724195
5,19,16.89820056
5,19,16.54807875
5,19,35.51556015
5,19,13.07450812
5,19,59.04379649
5,19,52.49869176
5,19,54.75786169
5,19,152.51964911
5,19,12.54808808
5,19,28.49374378
5,19,48.99276696
5,19,163.50587526
5,19,7.73408536
5,19,3.37081232
5,19,152.4731617
5,19,20.0725546
5,19,37.39312298
5,19,33.16525427
5,19,39.60817089
5,19,25.1304128
5,19,2.08645819
5,19,31.90651295
5,19,43.05354193
5,19,30.73468768
5,19,3.96792134
5,19,5.09256583
5,19,4.67898198
5,19,15.53384523
5,19,30.57025852
5,19,14.89075112
5,19,3.54423108
5,19,10.40229865
5,19,173.26657573
5,19,7.53629826
5,19,27.58896063
