5,4,65.76758908
5,4,3248.61130505
5,4,159.2732689
5,4,1075.50169296
5,4,245.80641347
5,4,278.87584221
5,4,167.99345226
5,4,203.01121796
5,4,204.83872926
5,4,128.26145688
5,4,231.57377234
5,4,2491.60409748
5,4,1852.50343042
5,4,9520.63526179
5,4,11038.61187635
5,4,348.83835901
5,4,142.64073909
5,4,421.21806991
5,4,875.82237034
5,4,134.43789814
5,4,370.98264088
5,4,7267.48646658
5,4,696.16646006
5,4,166.25776542
5,4,2949.64187675
5,4,169.56500592
5,4,7633.34777233
5,4,6465.92610433
5,4,478.2966207
5,4,76.12074425
5,4,2235.80042811
5,4,5848.13967868
5,4,284.91233554
5,4,346.9193818
5,4,8697.18193621
5,4,288.20352395
5,4,2185.35338884
5,4,3806.58870977
5,4,6371.40005528
5,4,2473.00409066
5,4,343.73071243
5,4,109.18395638
5,4,396.04965102
5,4,11388.4395363
5,4,173.00616344
5,4,3051.68280988
5,4,315.23559214
5,4,2835.19211015
5,4,1868.40443169
5,4,114.40021299
