3,17,164.41334573
3,17,133.20279325
3,17,115.72527909
3,17,136.90130351
3,17,165.57787218
3,17,208.56213571
3,17,189.30935121
3,17,176.88831228
3,17,225.46755245
3,17,251.38265932
3,17,148.12661533
3,17,184.2614193
3,17,175.54324452
3,17,208.12290974
3,17,224.4609202
3,17,179.99100347
3,17,171.94299004
3,17,205.49384621
3,17,149.64079947
3,17,177.77947264
3,17,129.46356105
3,17,101.38628523
3,17,126.75838744
3,17,158.17059962
3,17,180.67274583
3,17,152.52392155
3,17,124.26062781
3,17,165.64722112
3,17,145.21658815
3,17,179.49831951
