3,8,9529.52224929
3,8,12308.10302112
3,8,85550.29133068
3,8,96190.28162457
3,8,8480.71088644
3,8,14351.91106566
3,8,49612.01586819
3,8,105557.06889429
3,8,54272.93283438
3,8,115826.30972256
3,8,11904.70768156
3,8,316975.63816911
3,8,11155.7603253
3,8,50414.28084346
3,8,17158.38342532
3,8,59791.38571756
3,8,2906.03982872
3,8,31803.51268659
3,8,300906.41721564
3,8,249571.76509649
3,8,18770.22100933
3,8,29533.48047932
3,8,20322.69950138
3,8,47512.05159199
3,8,478489.10677763
3,8,76941.23149688
3,8,11669.3857
3,8,187853.37419226
3,8,66771.15252983
3,8,973.91563477
