5,11,20418361.19888102
5,11,8720025.29624787
5,11,20757397.75189343
5,11,19017750.12208587
5,11,700059.47792027
5,11,34517366.56067614
5,11,1303377.84287946
5,11,10602478.52567964
5,11,33561207.51085462
5,11,5881608.03126756
5,11,3784119.26702287
5,11,19998903.84580134
5,11,3035057.18076844
5,11,32481403.19345535
5,11,12348844.94464779
5,11,4898893.90267352
5,11,7152770.98950435
5,11,3801437.97362821
5,11,37674067.9732075
5,11,34280926.1892024
5,11,33999843.76627719
5,11,1315195.35295542
5,11,6035201.34959458
5,11,12316491.76907148
5,11,26511281.43494325
5,11,850453.48750669
5,11,5578471.32430474
5,11,6855107.04000252
5,11,20869246.89916053
5,11,4529173.15874201
5,11,9472452.53427935
5,11,18622091.68189236
5,11,326130.01092193
5,11,9862813.48708638
5,11,6554235.45772651
5,11,4008053.87231919
5,11,11384612.90160852
5,11,15981060.10615223
5,11,5137679.85470305
5,11,3161469.3059072
5,11,416687.13289257
5,11,16376115.70902219
5,11,562279.26442395
5,11,1657577.40474695
5,11,2033544.18405112
5,11,3679993.9539819
5,11,5914124.8523009
5,11,2637757.38496778
5,11,7905227.79943445
5,11,11452369.04156136
