5,16,255.55108562
5,16,353.18841333
5,16,220.34029273
5,16,397.53734402
5,16,241.24823611
5,16,268.67140717
5,16,176.9274353
5,16,345.99163905
5,16,183.71325791
5,16,198.6762067
5,16,339.79849177
5,16,406.12639746
5,16,385.65495945
5,16,174.20685645
5,16,187.75939874
5,16,220.39191683
5,16,201.72810352
5,16,363.01352258
5,16,238.64549526
5,16,204.32449458
5,16,307.07465953
5,16,237.80803959
5,16,205.57045888
5,16,206.83832756
5,16,174.38964713
5,16,201.20581305
5,16,179.82713446
5,16,215.41631557
5,16,164.29038709
5,16,225.32608247
5,16,484.70625247
5,16,499.87811555
5,16,174.02823935
5,16,212.99421765
5,16,318.51774173
5,16,238.01958341
5,16,403.53444668
5,16,186.67289542
5,16,246.76038742
5,16,168.83532315
5,16,192.67066243
5,16,305.82961264
5,16,253.86809358
5,16,298.70890513
5,16,281.96305151
5,16,331.85481662
5,16,272.21845523
5,16,269.08770388
5,16,231.57270032
5,16,139.78511361
