3,9,492.65558329
3,9,25614.90474212
3,9,74883.8613978
3,9,3060.41450636
3,9,15202.77830561
3,9,374.1572084
3,9,30287.43611233
3,9,10143.7763893
3,9,5083.24147472
3,9,18512.57047554
3,9,24687.6235406
3,9,23859.69379836
3,9,4771.64278582
3,9,19343.1003059
3,9,23121.96526327
3,9,1083.40894597
3,9,28128.89971767
3,9,381.28988666
3,9,19529.39027191
3,9,15834.26372894
3,9,7173.33445321
3,9,70510.31241964
3,9,63867.98321208
3,9,15131.60790818
3,9,15630.52267455
3,9,4011.30086951
3,9,53443.20265412
3,9,3887.74313717
3,9,87579.26715039
3,9,525.73278376
