5,8,7918.84148154
5,8,47649.83421064
5,8,4229.80314103
5,8,92189.08620221
5,8,75855.10354637
5,8,28336.11534803
5,8,2992.18146707
5,8,7597.34154181
5,8,35548.57167683
5,8,66248.38715758
5,8,11023.15922247
5,8,29290.8868138
5,8,8983.57170142
5,8,30458.71803565
5,8,137739.04574723
5,8,143729.53992697
5,8,18555.29976298
5,8,14284.1958097
5,8,60492.98898278
5,8,1679.62633655
5,8,114830.80241542
5,8,34612.6553823
5,8,15449.73326998
5,8,48206.66591709
5,8,2636.24735571
5,8,54444.38449743
5,8,53544.28598813
5,8,47037.10581704
5,8,13739.14376766
5,8,53492.18194743
5,8,6875.47993597
5,8,25668.30665351
5,8,24134.72971296
5,8,42461.50846083
5,8,12131.04244958
5,8,95363.7847721
5,8,2456.81285015
5,8,9095.79199392
5,8,85944.07198979
5,8,33928.5048744
5,8,64931.85096483
5,8,57015.94373839
5,8,54841.38609598
5,8,33122.44589484
5,8,40088.94164983
5,8,52650.43510799
5,8,79530.19997628
5,8,78694.7527097
5,8,20880.27634282
5,8,25155.01739219
