3,12, 2.08568631e+08
3,12,2384349.53592622
3,12, 1.62872421e+08
3,12,47229206.49642697
3,12, 1.19760271e+08
3,12,73765577.38335243
3,12,23193793.36686359
3,12, 2.08259160e+08
3,12, 1.26461712e+08
3,12,41401946.48672646
3,12,10202902.02949592
3,12, 2.52943204e+08
3,12,45170740.86257604
3,12,33446819.2575382
3,12, 2.49159167e+08
3,12, 1.64076975e+08
3,12,6427783.64216625
3,12,39073536.32702471
3,12,38313003.97702505
3,12,30983979.30240887
3,12,41030773.63539641
3,12,39655763.57002446
3,12, 1.92150912e+08
3,12,30927905.37139689
3,12, 1.66407352e+08
3,12,72279194.06758589
3,12,3756404.59586571
3,12,6431353.08369355
3,12, 2.94646958e+08
3,12, 1.12855595e+08
