5,5,59.65347233
5,5,74.74938494
5,5,108.71932093
5,5,36.99675982
5,5,180.82264515
5,5,100.16927556
5,5,171.36305445
5,5,138.90119979
5,5,82.15727108
5,5,146.15984441
5,5,142.96056979
5,5,182.46415631
5,5,183.36499743
5,5,91.1369998
5,5,110.03348971
5,5,112.54883342
5,5,70.51122773
5,5,166.94469902
5,5,151.69565283
5,5,80.92606951
5,5,65.03499836
5,5,81.35633367
5,5,93.98230796
5,5,125.42733075
5,5,71.30853932
5,5,139.72009274
5,5,113.43692914
5,5,134.50739556
5,5,81.89917026
5,5,139.03437453
5,5,47.90490076
5,5,146.88576266
5,5,122.11881655
5,5,145.43139004
5,5,152.25201066
5,5,66.00721038
5,5,114.80633615
5,5,120.41737681
5,5,34.77425853
5,5,67.95074644
5,5,95.77965698
5,5,88.10067027
5,5,122.58644337
5,5,123.7063839
5,5,138.23995932
5,5,64.86750736
5,5,94.59222771
5,5,0.69462718
5,5,23.88740222
5,5,118.80551295
