5,10,6876256.29793531
5,10,6080204.39219974
5,10,4390685.25807162
5,10,245810.20474317
5,10,11609265.4237048
5,10,9603756.91608573
5,10,14803037.74199764
5,10,6382741.34664075
5,10,245967.49941123
5,10,1301238.62707211
5,10,16579997.45664003
5,10,111938.15841147
5,10,13478643.46762697
5,10,7231290.09777705
5,10,4871088.82792604
5,10,16263093.64412573
5,10,4189502.70776228
5,10,20107243.00958908
5,10,16863852.0069684
5,10,26944893.84796868
5,10,11579808.46797771
5,10,3081368.55581117
5,10,31672204.02949438
5,10,24360620.3112654
5,10,12282722.60362183
5,10,4836083.6505083
5,10,14104563.00315299
5,10,7442296.10453236
5,10,1692831.44215873
5,10,27409800.09574111
5,10,3261040.7228887
5,10,4001146.43003149
5,10,10351664.67203297
5,10,19117832.09020208
5,10,10288875.56198108
5,10,10352898.64577982
5,10,25105227.06254907
5,10,6307135.06852922
5,10,13127181.59860704
5,10,23740066.43554232
5,10,9152881.42493599
5,10,782714.2826549
5,10,2240959.99849503
5,10,17366107.48447731
5,10,6681397.9160427
5,10,17936227.47198174
5,10,14070767.83855897
5,10,1344936.34546434
5,10,40330163.75442395
5,10,1194239.66923919
