5,3,261.69906991
5,3,1184.36935202
5,3,226.3534436
5,3,621.39798649
5,3,1040.96232614
5,3,435.31700401
5,3,1096.30920896
5,3,2204.96205128
5,3,1055.22471397
5,3,355.69817616
5,3,437.66892771
5,3,965.5111046
5,3,381.37279262
5,3,1555.17640937
5,3,528.53472001
5,3,572.27787927
5,3,262.90111285
5,3,1056.71310663
5,3,269.24964746
5,3,761.85403509
5,3,835.97077403
5,3,379.01316613
5,3,2106.41383341
5,3,426.13710459
5,3,2561.18170967
5,3,517.04380524
5,3,566.21597144
5,3,544.16564955
5,3,2829.66814183
5,3,476.29922198
5,3,1190.7203124
5,3,992.57845018
5,3,205.47005015
5,3,383.3473965
5,3,544.15598234
5,3,902.53318993
5,3,564.3883901
5,3,251.07985772
5,3,701.51901212
5,3,2889.20126179
5,3,626.2163661
5,3,360.07333287
5,3,1176.5531601
5,3,2967.24333699
5,3,788.10725787
5,3,700.95193136
5,3,759.20065682
5,3,694.60022675
5,3,883.76690379
5,3,343.38358419
