5,19,230.02698647
5,19,260.69018237
5,19,378.36137573
5,19,386.08265339
5,19,259.46118231
5,19,269.9563418
5,19,265.35701261
5,19,250.4064602
5,19,259.83633035
5,19,387.91860635
5,19,428.21832516
5,19,354.2648044
5,19,256.59152833
5,19,291.62064605
5,19,255.30830388
5,19,273.94483141
5,19,289.40516003
5,19,321.51420958
5,19,302.28130111
5,19,416.84046185
5,19,244.10925563
5,19,352.56126745
5,19,273.4219686
5,19,342.36796273
5,19,268.46375589
5,19,373.85326165
5,19,263.67313052
5,19,303.65021927
5,19,311.96290278
5,19,318.27442471
5,19,295.56094349
5,19,366.1733385
5,19,224.04335534
5,19,407.22495859
5,19,405.01598487
5,19,287.04071545
5,19,227.68664713
5,19,259.65058125
5,19,247.41775975
5,19,292.41696119
5,19,250.05275902
5,19,246.56961322
5,19,281.1052371
5,19,248.38210354
5,19,226.23151564
5,19,259.63698297
5,19,351.39236121
5,19,351.17215239
5,19,259.59112516
5,19,322.0327838
