3,9,70501.57321276
3,9,8207.8811773
3,9,11596.27256519
3,9,71245.92645445
3,9,7936.10031533
3,9,152589.28549528
3,9,562.70025202
3,9,35219.52235649
3,9,9517.46845189
3,9,9836.20109538
3,9,24495.56254813
3,9,144360.05602972
3,9,3684.41353052
3,9,5283.56498883
3,9,26146.56695362
3,9,30591.65158601
3,9,13682.94423988
3,9,3505.11328392
3,9,29586.85028089
3,9,533.28905558
3,9,20343.76773554
3,9,14081.71900359
3,9,34913.37205752
3,9,4712.35887942
3,9,3589.85025107
3,9,1266.2451861
3,9,8336.93974108
3,9,12802.38693946
3,9,30762.67996633
3,9,36001.4430405
