3,21,141.58175678
3,21,126.17287095
3,21,84.06549176
3,21,199.30966902
3,21,186.53396319
3,21,52.44076083
3,21,88.3919754
3,21,171.02669456
3,21,175.45769398
3,21,190.64204666
3,21,149.8472053
3,21,173.56114578
3,21,211.56169062
3,21,114.01215059
3,21,144.78262879
3,21,191.53707874
3,21,186.66295658
3,21,83.02094757
3,21,147.33834862
3,21,189.61832402
3,21,199.83247777
3,21,146.51180645
3,21,107.98697856
3,21,180.13015617
3,21,160.01363331
3,21,170.48695511
3,21,114.79372452
3,21,192.62001441
3,21,174.51761132
3,21,106.94903621
