5,23,145.14956224
5,23,164.66843262
5,23,186.59016304
5,23,176.82002987
5,23,168.45177366
5,23,152.31095977
5,23,156.64766991
5,23,132.14848004
5,23,141.93758017
5,23,151.88580926
5,23,104.88030066
5,23,145.86131523
5,23,159.86667097
5,23,166.24596383
5,23,135.03990183
5,23,143.57868773
5,23,165.36393157
5,23,149.56607968
5,23,138.14793644
5,23,159.718492
5,23,146.84837519
5,23,145.7601186
5,23,130.63282359
5,23,143.54842265
5,23,146.84594575
5,23,147.96775069
5,23,155.01610991
5,23,150.27602414
5,23,141.78205178
5,23,159.94653427
5,23,157.47309213
5,23,160.22444803
5,23,164.23559221
5,23,156.04497158
5,23,147.00437021
5,23,137.96495519
5,23,169.78833018
5,23,140.78279161
5,23,166.56123364
5,23,170.48694031
5,23,170.03196898
5,23,154.27974539
5,23,159.24665509
5,23,143.12527828
5,23,152.39974794
5,23,111.67871743
5,23,145.15724782
5,23,166.21589543
5,23,177.30863526
5,23,143.47389842
