3,14,61.61548651
3,14,68.05569494
3,14,13.10765018
3,14,48.64114976
3,14,44.16305691
3,14,46.19686572
3,14,57.53391558
3,14,261.2798666
3,14,55.86283724
3,14,21.29040007
3,14,1.7239198
3,14,118.63159475
3,14,46.09272372
3,14,120.44662894
3,14,84.44338221
3,14,1.57118791
3,14,7.79867379
3,14,62.74207972
3,14,33.3868348
3,14,21.7040069
3,14,3.51298113
3,14,51.35878255
3,14,53.23723169
3,14,21.08053832
3,14,69.28352412
3,14,22.60672448
3,14,85.75828279
3,14,9.89895848
3,14,41.20853922
3,14,75.75948864
