5,16,132.95911468
5,16,251.18750423
5,16,79.10502839
5,16,81.68204322
5,16,180.95392145
5,16,272.81519628
5,16,39.3707346
5,16,66.41915329
5,16,111.87333184
5,16,67.47857832
5,16,108.17095565
5,16,128.61637114
5,16,28.28192421
5,16,18.02723599
5,16,66.42419155
5,16,103.19668705
5,16,10.60573753
5,16,49.79956552
5,16,59.67474228
5,16,90.54080546
5,16,9.98239619
5,16,37.97762408
5,16,95.67683838
5,16,74.50802069
5,16,69.43678175
5,16,10.62588539
5,16,25.57942791
5,16,64.02741799
5,16,92.60225155
5,16,7.96105411
5,16,83.31182035
5,16,31.53858077
5,16,45.82819732
5,16,101.59024376
5,16,120.46447698
5,16,142.95524713
5,16,11.28607909
5,16,167.63195192
5,16,75.5398681
5,16,105.87598702
5,16,18.28268788
5,16,266.26910503
5,16,1.12710853
5,16,47.37705046
5,16,109.68405704
5,16,191.16279104
5,16,72.2408043
5,16,135.362107
5,16,97.79450426
5,16,50.74416084
