5,6,74779.13856737
5,6,16628.84738562
5,6,86687.48644219
5,6,195027.48506055
5,6,433217.13252365
5,6,243386.84821479
5,6,464543.66428866
5,6,71933.40530108
5,6,112288.20419558
5,6,616674.81507104
5,6,70796.93399012
5,6,266412.05651464
5,6,433131.45151009
5,6,568917.06827239
5,6,257300.17336494
5,6,643315.54375867
5,6,89900.49409196
5,6,137455.45124094
5,6,294463.07388698
5,6,363515.10395136
5,6,316889.32028019
5,6,244379.05359136
5,6,761048.17748425
5,6,608976.03911822
5,6,537131.34266182
5,6,876390.13140527
5,6,94407.92681597
5,6,342078.16091515
5,6,281903.74440516
5,6,290616.80420682
5,6,300642.86786363
5,6,220977.71762048
5,6,56192.57903967
5,6,137917.9034464
5,6,80658.36793167
5,6,441299.25759171
5,6,41690.34850871
5,6,121829.94827963
5,6,486873.65607479
5,6,268143.67339565
5,6,483858.85501446
5,6,346995.25125724
5,6,126901.79748172
5,6,67494.87926101
5,6,63848.72586959
5,6,77321.16273737
5,6,659421.27105332
5,6,252802.54371754
5,6,70702.22539854
5,6,70381.95491204
