3,2,1496129.4748937
3,2,15944807.63262161
3,2,5672067.58544974
3,2,7079411.81814117
3,2,4059431.91034919
3,2,4035042.55097859
3,2,2597588.03066523
3,2,14421112.36606152
3,2,40880914.30697025
3,2,36117869.1062931
3,2,3301685.84836387
3,2,1441531.12656717
3,2,1743873.15984748
3,2,4801074.05579069
3,2,17965819.88136546
3,2,3223751.58070122
3,2,6996186.43421964
3,2,5858406.99068173
3,2,16589592.95689086
3,2,543823.66730963
3,2,4738317.48089608
3,2,466191.63879312
3,2,17508016.00338611
3,2,11740997.764968
3,2,10655180.70901331
3,2,13389357.89699195
3,2,5384878.48206823
3,2,21294454.15923927
3,2,4569151.48746127
3,2,11912629.50424084
