5,10,14985106.73137306
5,10,19863275.35765243
5,10,8650261.805917
5,10,49263435.27700404
5,10,11160061.69029575
5,10,3919582.28285526
5,10,6893401.844898
5,10,59127224.49364946
5,10,7171025.71364065
5,10,4410795.40583087
5,10,7039510.11359463
5,10,2022871.19612726
5,10,7125644.04470898
5,10,12575653.28881853
5,10,882210.46458471
5,10,7939587.07472596
5,10,17063137.77602413
5,10,13417732.32458572
5,10,5497111.15565494
5,10,24243160.75597917
5,10,4049167.77118082
5,10,3103013.43009844
5,10,21182339.03655957
5,10,5789997.01320533
5,10,3343352.31636705
5,10,2234059.80744576
5,10,346982.31501376
5,10,8007736.93724944
5,10,4198532.28577225
5,10,9215165.06952856
5,10,15152795.45810566
5,10,29529966.49924014
5,10,3848246.26555149
5,10,17070036.95435914
5,10,3043184.2754266
5,10,1579299.71101554
5,10,10434680.04663948
5,10,2579636.02665927
5,10,19373380.91375022
5,10,1787368.89806172
5,10,1085215.79190669
5,10,6381215.15915393
5,10,12368095.3994325
5,10,19611588.62083896
5,10,2810172.58751012
5,10,10848270.55625968
5,10,5753176.31235123
5,10,9580388.54444732
5,10,2505954.39270114
5,10,26117912.28047492
