5,21,209.74875451
5,21,135.59144838
5,21,98.53462014
5,21,184.75907504
5,21,205.70044022
5,21,167.58016967
5,21,61.27400831
5,21,185.84116709
5,21,165.60132271
5,21,166.8181177
5,21,184.85844986
5,21,160.31886647
5,21,234.06527754
5,21,231.20374634
5,21,188.80496796
5,21,225.48972716
5,21,194.25740969
5,21,201.45392711
5,21,2.75375071
5,21,23.38011882
5,21,205.30593734
5,21,184.21712046
5,21,211.85184814
5,21,229.46936931
5,21,178.48517547
5,21,205.30311015
5,21,196.64175747
5,21,207.05537943
5,21,200.46156675
5,21,71.02748298
5,21,111.44792473
5,21,157.40909808
5,21,36.35964421
5,21,228.70612771
5,21,187.29247481
5,21,80.12896652
5,21,194.91400279
5,21,205.91998177
5,21,77.96239572
5,21,117.65854672
5,21,208.45196965
5,21,64.67397578
5,21,169.2926771
5,21,209.25479672
5,21,175.72428949
5,21,64.44487169
5,21,219.92898053
5,21,215.99239411
5,21,175.181177
5,21,197.21540438
