3,18,1177.12506937
3,18,683.46543037
3,18,142.04943608
3,18,267.50301057
3,18,735.37341828
3,18,86.5035586
3,18,327.72131553
3,18,211.75378152
3,18,71.38117244
3,18,196.79184347
3,18,357.0689267
3,18,105.55894407
3,18,57.6839858
3,18,313.44366716
3,18,23.02978224
3,18,1240.32724179
3,18,177.42230663
3,18,253.1475764
3,18,450.96086979
3,18,113.52334838
3,18,8.71784558
3,18,155.14208599
3,18,95.8052435
3,18,112.74835819
3,18,178.32997209
3,18,354.5400571
3,18,761.6109776
3,18,14.05597382
3,18,288.02702384
3,18,91.9154089
