3,20,33317.42101111
3,20,12413.47276847
3,20,10284.66863042
3,20,39696.02189566
3,20,103094.1240354
3,20,78900.63702362
3,20,53780.76280147
3,20,11025.87291786
3,20,11881.14653565
3,20,128692.13606586
3,20,37090.33638755
3,20,16001.89239593
3,20,82782.06443818
3,20,41.16845687
3,20,6471.1420747
3,20,7282.00937417
3,20,490.76491767
3,20,16677.69981637
3,20,19547.98868615
3,20,94250.52080845
3,20,10395.07265507
3,20,59948.73208559
3,20,94851.6340729
3,20,115222.94018891
3,20,57469.9732014
3,20,23057.5863339
3,20,106008.1471591
3,20,84371.55928562
3,20,780.80198238
3,20,22853.3481598
