5,3,1080.69730072
5,3,850.5774883
5,3,356.17500624
5,3,184.43166443
5,3,1326.52847918
5,3,459.6958136
5,3,1398.98193202
5,3,570.5613767
5,3,722.45732665
5,3,244.1230672
5,3,502.77812048
5,3,689.16105205
5,3,919.58039594
5,3,1481.82067085
5,3,1006.1039431
5,3,624.99794495
5,3,336.08377417
5,3,1452.13926096
5,3,1133.05129211
5,3,639.25119512
5,3,729.71740918
5,3,152.98778602
5,3,354.46473374
5,3,1261.16125201
5,3,855.59485566
5,3,268.4038797
5,3,1051.53452006
5,3,1231.29638932
5,3,722.10573779
5,3,1677.96567532
5,3,644.42077417
5,3,869.96306376
5,3,515.71448872
5,3,153.88261485
5,3,720.2775118
5,3,423.97496258
5,3,524.21657876
5,3,249.37868069
5,3,552.40449516
5,3,210.58842642
5,3,441.9269481
5,3,611.93840073
5,3,584.15509567
5,3,215.15340432
5,3,264.70182062
5,3,488.6997996
5,3,1077.43750542
5,3,820.4627067
5,3,182.67930932
5,3,504.65294022
