3,10,23175315.75601448
3,10,40821873.42381203
3,10,455113.55454995
3,10,7488483.41987939
3,10,10490010.1687583
3,10,509980.04792198
3,10,269792.43056111
3,10,191542.24931499
3,10,941585.92400155
3,10,2702983.34694225
3,10,2497947.2792608
3,10,8684951.75006156
3,10,13485836.85642164
3,10,28079842.50803264
3,10,284623.29021653
3,10,46770156.74169651
3,10,31088248.22834874
3,10,1793596.75131611
3,10,55164034.13180738
3,10,6193001.15355222
3,10,1049113.38643172
3,10,361231.93188209
3,10,3425968.26980637
3,10,1418289.31058521
3,10,19230114.33223654
3,10,4931258.16904135
3,10,2473131.93583033
3,10,4603684.34500349
3,10,10908296.47661112
3,10,895009.38770404
