5,13,1175.41569586
5,13,1551.94135203
5,13,2765.6442739
5,13,1011.17253887
5,13,2302.58232788
5,13,996.8929405
5,13,868.43763993
5,13,1900.65720298
5,13,269.98780101
5,13,2221.94373801
5,13,1564.53460201
5,13,1399.37532857
5,13,1657.60845173
5,13,2376.90961506
5,13,1270.69082322
5,13,1024.30264528
5,13,227.4085685
5,13,2519.69098319
5,13,1111.19039811
5,13,1942.83671409
5,13,1856.59250698
5,13,1754.03086754
5,13,1333.8656845
5,13,953.14048898
5,13,1928.21339072
5,13,2219.12449632
5,13,696.31261408
5,13,860.23883191
5,13,519.9751326
5,13,799.48693396
5,13,1505.34468669
5,13,1695.6409202
5,13,836.44148848
5,13,1816.26203504
5,13,932.59775505
5,13,262.14620614
5,13,700.66563121
5,13,2950.18483176
5,13,1614.94759794
5,13,1638.5680638
5,13,123.63249107
5,13,667.02195023
5,13,462.89855739
5,13,1699.60574519
5,13,356.89092202
5,13,1858.23531975
5,13,2491.42564161
5,13,2144.83909922
5,13,2618.63059932
5,13,1668.53361907
