5,4,331.97078393
5,4,541.28123188
5,4,2116.86072824
5,4,354.20556
5,4,284.06527475
5,4,304.8474172
5,4,388.47645222
5,4,765.7869157
5,4,176.17857787
5,4,621.52232249
5,4,278.27383796
5,4,218.57188893
5,4,2508.82669326
5,4,876.63175419
5,4,2459.79131958
5,4,286.18567384
5,4,394.29834562
5,4,661.67218519
5,4,102.82020899
5,4,548.9380181
5,4,714.37295329
5,4,1189.77157046
5,4,4568.31039059
5,4,158.48131379
5,4,1255.18076051
5,4,3763.96760459
5,4,388.29053217
5,4,517.48360519
5,4,71.00833826
5,4,1958.78245424
5,4,1658.81847133
5,4,5103.37861985
5,4,581.74592951
5,4,5022.03783627
5,4,671.86483716
5,4,597.70482312
5,4,6827.01027042
5,4,4476.88672931
5,4,3262.58514493
5,4,1605.18230786
5,4,488.47415886
5,4,2741.78222698
5,4,11.72747356
5,4,341.99519617
5,4,203.73422982
5,4,3821.18288891
5,4,924.59297149
5,4,710.83102445
5,4,449.3305896
5,4,262.91608664
