3,9,402.80422001
3,9,10217.1518508
3,9,24891.35378092
3,9,996.96217483
3,9,501.13137712
3,9,55.4586247
3,9,7842.59526245
3,9,8306.98861664
3,9,15927.8148237
3,9,6692.80742511
3,9,6915.74099772
3,9,10914.80390601
3,9,62949.5388213
3,9,16455.72169329
3,9,4038.22176283
3,9,11573.09825209
3,9,18479.6945109
3,9,21062.35516802
3,9,22675.30958051
3,9,10758.80871273
3,9,1599.35077387
3,9,41629.16561242
3,9,53351.49723862
3,9,288.67661792
3,9,31314.33859017
3,9,73750.92684901
3,9,19982.77261987
3,9,2870.31688532
3,9,12289.03822485
3,9,4500.16293003
