3,15,222.48941639
3,15,2682.95199314
3,15,477.90471636
3,15,2327.38737646
3,15,155.515248
3,15,40.19826402
3,15,468.39598039
3,15,133.9575961
3,15,1124.15056724
3,15,1015.54655007
3,15,816.77816607
3,15,705.25461958
3,15,1556.58479649
3,15,568.70350989
3,15,2892.78428445
3,15,5084.04279331
3,15,1308.95869126
3,15,912.58161772
3,15,2226.79313882
3,15,439.82223849
3,15,502.01440531
3,15,1090.08468129
3,15,2531.88305395
3,15,106.4366357
3,15,76.38146222
3,15,6417.89209456
3,15,1493.45325589
3,15,633.00520538
3,15,1777.81127716
3,15,299.15035059
