3,23,382.85633411
3,23,384.65516062
3,23,390.52231241
3,23,368.05124963
3,23,366.50667625
3,23,358.57005471
3,23,368.79064314
3,23,405.89487724
3,23,385.85279545
3,23,395.07058048
3,23,361.10076732
3,23,379.00049055
3,23,395.64788411
3,23,382.1212421
3,23,340.79047077
3,23,391.50666705
3,23,345.67399792
3,23,376.27282352
3,23,319.41693475
3,23,329.6223504
3,23,372.69754429
3,23,381.5591505
3,23,358.39113235
3,23,385.4130394
3,23,378.31711931
3,23,345.55790046
3,23,352.82811906
3,23,372.59162795
3,23,377.00321364
3,23,385.05194256
