3,16,250.52924254
3,16,386.84744409
3,16,189.11807898
3,16,99.06289267
3,16,142.06055034
3,16,221.31384313
3,16,204.57295838
3,16,197.04942917
3,16,352.99764762
3,16,350.36001613
3,16,236.41535288
3,16,184.96745258
3,16,242.32466202
3,16,245.11548223
3,16,212.61788317
3,16,291.5851636
3,16,302.68304842
3,16,201.55533072
3,16,250.96162576
3,16,226.38314665
3,16,199.53971589
3,16,471.67008461
3,16,255.90259128
3,16,242.26150251
3,16,249.69870265
3,16,308.04593757
3,16,188.36437714
3,16,168.76602762
3,16,326.96181551
3,16,82.23144442
