5,12,62857992.74582018
5,12, 1.34876025e+08
5,12, 2.33261030e+08
5,12, 5.23726619e+08
5,12,32361502.83016509
5,12,15433480.70266683
5,12,327374.11496425
5,12, 3.26702590e+08
5,12, 1.62412425e+08
5,12,82637233.70652041
5,12,73584202.11835077
5,12, 1.11221590e+08
5,12, 3.88988754e+08
5,12, 6.21323908e+08
5,12,58033906.37985102
5,12,87964625.12984599
5,12, 2.55608393e+08
5,12,42949961.76397933
5,12,34950570.87401919
5,12, 2.30993313e+08
5,12, 1.15823907e+08
5,12, 4.36734982e+08
5,12,50045051.20689231
5,12,12963541.54104498
5,12,10890961.7795729
5,12,28139093.67264527
5,12, 3.30963808e+08
5,12, 3.55919116e+08
5,12, 1.51441330e+08
5,12, 1.60561329e+08
5,12, 1.70010716e+08
5,12,83804047.14071676
5,12, 2.16344981e+09
5,12,18162105.26007381
5,12, 1.44961501e+08
5,12, 2.26817360e+08
5,12,15544435.18164849
5,12,40237304.90051696
5,12, 3.15311182e+08
5,12,47040411.86905644
5,12, 2.17639617e+08
5,12,79158596.17764893
5,12, 1.40959335e+08
5,12,43093036.98101103
5,12, 1.30953799e+08
5,12, 7.60642506e+08
5,12, 1.52303818e+08
5,12, 1.18672617e+08
5,12, 1.74360948e+08
5,12, 1.41976329e+08
