3,20,2877.23998194
3,20,6934.14110823
3,20,8277.02909246
3,20,3804.69815227
3,20,4159.2625873
3,20,57660.49263769
3,20,71998.20386403
3,20,7480.70215867
3,20,77318.98543984
3,20,4107.80939777
3,20,8048.61788978
3,20,99726.38589744
3,20,11104.88943232
3,20,39270.94473935
3,20,674.8622314
3,20,1016.86153096
3,20,42976.3991658
3,20,20444.13373821
3,20,18227.36440812
3,20,30796.89764559
3,20,5764.14010141
3,20,77.34653983
3,20,3734.78719973
3,20,12841.49956387
3,20,1045.26407612
3,20,5593.34050982
3,20,8170.80005882
3,20,119830.882574
3,20,54589.59908407
3,20,22612.19975887
