3,1,147.31993454
3,1,186.50998121
3,1,160.2759622
3,1,175.08995711
3,1,243.73862807
3,1,242.62966905
3,1,115.33264348
3,1,161.28768033
3,1,181.89622152
3,1,94.57483549
3,1,97.90742275
3,1,111.03018235
3,1,97.52288591
3,1,69.13602438
3,1,117.63739885
3,1,148.62401175
3,1,155.33261108
3,1,119.53970437
3,1,148.97404509
3,1,155.21733126
3,1,163.3564333
3,1,191.31249865
3,1,68.48535183
3,1,140.72682138
3,1,243.74774567
3,1,237.24782254
3,1,252.72825822
3,1,168.57897127
3,1,135.76035906
3,1,150.14971447
