3,23,247.0062372
3,23,214.0703346
3,23,238.2148177
3,23,236.32059143
3,23,250.11148908
3,23,212.14996756
3,23,216.19113295
3,23,229.19013699
3,23,266.82346343
3,23,200.76800496
3,23,279.9888977
3,23,212.84994867
3,23,234.84540913
3,23,230.80138256
3,23,235.97863827
3,23,219.80749798
3,23,249.71404349
3,23,237.68951212
3,23,198.24954536
3,23,191.70455021
3,23,221.15219862
3,23,217.63391214
3,23,229.43146965
3,23,203.68706431
3,23,243.01675223
3,23,249.44394596
3,23,194.82285472
3,23,251.43547685
3,23,249.25330504
3,23,235.22930219
