3,17,31.97718254
3,17,144.2079071
3,17,20.83002953
3,17,25.53036523
3,17,95.36816849
3,17,49.26671369
3,17,11.06135181
3,17,105.31037236
3,17,61.10309059
3,17,125.59084517
3,17,20.22097348
3,17,239.687534
3,17,28.73601479
3,17,9.99125447
3,17,36.17426251
3,17,155.61729325
3,17,39.47782231
3,17,100.35688321
3,17,68.84130706
3,17,105.11069085
3,17,142.25434582
3,17,107.97228857
3,17,287.9063398
3,17,190.1114462
3,17,103.63447812
3,17,37.11796969
3,17,55.3031304
3,17,25.63617107
3,17,130.12365374
3,17,78.56226004
