3,18,48.84445479
3,18,1199.3448529
3,18,595.75954206
3,18,994.75378122
3,18,1136.07177549
3,18,1019.41285256
3,18,914.04468621
3,18,879.51568551
3,18,1130.24682364
3,18,854.79719338
3,18,1064.37301663
3,18,2387.40653023
3,18,769.14745317
3,18,1302.09622811
3,18,1130.85346008
3,18,1446.30112622
3,18,1140.96479917
3,18,1154.84369554
3,18,895.99188389
3,18,1148.90639436
3,18,576.67386731
3,18,803.85242776
3,18,1626.44597695
3,18,1316.17882285
3,18,972.06918393
3,18,1386.77917094
3,18,1453.00630773
3,18,1011.26252797
3,18,178.37152247
3,18,928.21261771
