5,22,893.39740529
5,22,1112.09168673
5,22,1242.73655517
5,22,1155.43385346
5,22,1819.56835597
5,22,248.04339913
5,22,157.99621323
5,22,798.49886347
5,22,1715.3879862
5,22,192.96036622
5,22,307.16840595
5,22,985.56955767
5,22,162.48584507
5,22,543.74272501
5,22,697.24370683
5,22,300.68841809
5,22,78.42032493
5,22,335.55421929
5,22,1562.9266445
5,22,352.90506938
5,22,1178.74993718
5,22,1125.42579228
5,22,823.25341873
5,22,1626.08138021
5,22,848.22436367
5,22,852.13454691
5,22,997.79747074
5,22,808.14410534
5,22,265.21333356
5,22,200.92945556
5,22,326.88256416
5,22,171.53360027
5,22,1089.64185111
5,22,245.71241021
5,22,344.30951837
5,22,1283.21027028
5,22,627.70742287
5,22,699.63486733
5,22,1019.5902433
5,22,129.24395626
5,22,382.72104768
5,22,610.46369605
5,22,456.40172809
5,22,565.11862204
5,22,1054.37778229
5,22,346.26400918
5,22,881.2737594
5,22,1458.00464382
5,22,102.98852992
5,22,738.29689987
