3,12,28012098.93232733
3,12, 2.64287921e+08
3,12, 2.76392133e+08
3,12,68540689.91483957
3,12,98149472.67881554
3,12, 2.18190005e+08
3,12,79303998.21254957
3,12,95228449.22525489
3,12,41857954.52649765
3,12,15717175.27733753
3,12,18728979.59869123
3,12, 1.61201515e+08
3,12,39784547.12534672
3,12, 1.48487168e+08
3,12,40238102.64827973
3,12,15757068.95079232
3,12, 1.64825742e+08
3,12,9290496.38557381
3,12, 1.23794261e+09
3,12,38412502.76677115
3,12,33004456.07312036
3,12,40761196.89579868
3,12, 1.14038188e+08
3,12,92439264.80418633
3,12, 3.72707683e+08
3,12,26928338.464843
3,12,24962438.56696333
3,12,34676345.57242107
3,12,46983718.90400293
3,12, 1.11466564e+08
