5,9,29556.67441053
5,9,48162.81441943
5,9,38785.62377432
5,9,52997.27875739
5,9,115723.47388914
5,9,545.04275741
5,9,2469.85932512
5,9,5964.74247168
5,9,118786.25797541
5,9,70445.69173568
5,9,72758.47663616
5,9,36359.12738639
5,9,690.00048983
5,9,40976.72435612
5,9,17730.73359166
5,9,27388.71684738
5,9,35022.05771864
5,9,69324.27629237
5,9,57306.996016
5,9,1050.32395822
5,9,15181.52729731
5,9,11950.70823101
5,9,38291.91618439
5,9,195476.06944449
5,9,47897.87648992
5,9,49519.49775141
5,9,39483.12553187
5,9,62921.42755348
5,9,41450.95203757
5,9,31029.77884024
5,9,7970.69745453
5,9,60876.5537286
5,9,1988.51096636
5,9,3576.5995291
5,9,6011.83546405
5,9,5381.47996866
5,9,24007.08120797
5,9,76593.8212753
5,9,2565.18351388
5,9,13067.89725511
5,9,56535.81095827
5,9,12277.95183965
5,9,34807.47790889
5,9,9507.9114361
5,9,29961.97626842
5,9,3655.55406614
5,9,217533.76442959
5,9,199427.25748866
5,9,5675.15337082
5,9,91.08221218
