5,7,131.97781465
5,7,527.99341917
5,7,1205.69069607
5,7,317.57215273
5,7,94.20901393
5,7,367.47981666
5,7,66.07786698
5,7,14.55342283
5,7,28.88571853
5,7,47.43715324
5,7,1619.74851563
5,7,466.41073551
5,7,126.76324664
5,7,2217.65160491
5,7,737.70182786
5,7,697.91177555
5,7,685.19039595
5,7,276.75294987
5,7,826.63425279
5,7,259.91379069
5,7,772.9965005
5,7,48.1290937
5,7,986.8980764
5,7,102.60280408
5,7,341.30528949
5,7,205.78053025
5,7,1475.37665943
5,7,942.1477805
5,7,254.96433773
5,7,1168.11479848
5,7,7.69438809
5,7,150.62658237
5,7,534.6108866
5,7,6.70511039
5,7,494.4103021
5,7,1092.52395576
5,7,1298.71281628
5,7,739.8860423
5,7,332.8539317
5,7,279.03814543
5,7,261.16391987
5,7,535.2378473
5,7,1134.58252905
5,7,536.43746372
5,7,844.4009834
5,7,811.9168193
5,7,1134.18784647
5,7,301.42277249
5,7,1224.50225736
5,7,234.78028187
