5,5,997.89569095
5,5,957.09111521
5,5,931.80488444
5,5,1028.65289805
5,5,921.45584468
5,5,960.52242237
5,5,994.93316043
5,5,804.1454572
5,5,875.54096361
5,5,965.67125581
5,5,1027.19578179
5,5,979.33468694
5,5,974.26562739
5,5,1000.52585746
5,5,1003.16618498
5,5,963.75687671
5,5,1027.83892971
5,5,903.17671001
5,5,911.92164098
5,5,1017.73589735
5,5,992.8915422
5,5,983.30477031
5,5,1032.04673512
5,5,934.56290116
5,5,997.47824473
5,5,986.23744793
5,5,941.77333855
5,5,966.0727096
5,5,1024.99712054
5,5,950.55740695
5,5,955.04233715
5,5,990.64249796
5,5,956.739918
5,5,1008.37196793
5,5,955.7755565
5,5,949.9286126
5,5,945.43719668
5,5,1041.55397745
5,5,1000.82785053
5,5,916.24910674
5,5,931.46873341
5,5,918.78551172
5,5,933.51606524
5,5,945.89670761
5,5,977.91662375
5,5,986.204609
5,5,987.380492
5,5,1137.72409038
5,5,1004.04155576
5,5,995.52473804
