5,17,226.40408049
5,17,130.44265173
5,17,150.30807294
5,17,68.42262123
5,17,74.66112659
5,17,126.73281446
5,17,95.58164343
5,17,120.01043163
5,17,89.59396529
5,17,149.18297013
5,17,139.03853671
5,17,118.72789057
5,17,123.92022307
5,17,51.28075169
5,17,171.38434006
5,17,246.72637254
5,17,95.76828721
5,17,132.9759633
5,17,114.84094016
5,17,106.16352687
5,17,109.67362367
5,17,118.35416008
5,17,132.72184118
5,17,103.44536761
5,17,682.02679611
5,17,134.79965294
5,17,111.43984798
5,17,157.67817835
5,17,128.96488363
5,17,109.07172566
5,17,123.49589146
5,17,112.79070608
5,17,216.53038395
5,17,118.68335216
5,17,95.18558069
5,17,74.62360519
5,17,99.91670126
5,17,116.60801808
5,17,125.2549395
5,17,133.28713352
5,17,150.5931134
5,17,308.78646181
5,17,142.37835877
5,17,136.50707045
5,17,139.0250578
5,17,107.14158544
5,17,143.14585227
5,17,50.77310675
5,17,118.82111383
5,17,120.80344611
