5,9,59595.74187809
5,9,39865.75796856
5,9,27029.59118806
5,9,44067.01282759
5,9,4159.88317647
5,9,100712.48765282
5,9,118903.48743373
5,9,20663.17857535
5,9,538.39834771
5,9,34896.6380812
5,9,2556.29375641
5,9,89988.75390406
5,9,11908.90983125
5,9,16651.98688254
5,9,16850.50055657
5,9,120882.27250165
5,9,15331.98573442
5,9,58586.38352251
5,9,28402.89050461
5,9,82679.24815999
5,9,20397.39428848
5,9,58932.48398761
5,9,195450.36167555
5,9,101993.70033861
5,9,16024.28945548
5,9,22501.05521809
5,9,67928.63688676
5,9,21354.03369458
5,9,40919.35884656
5,9,12696.6849199
5,9,19184.47715304
5,9,52975.51992123
5,9,34210.10077086
5,9,19096.81527898
5,9,224521.75867406
5,9,36137.95598703
5,9,4609.28483519
5,9,34450.77299957
5,9,71884.15244457
5,9,13612.4565235
5,9,84871.83857619
5,9,71312.25181258
5,9,55328.80421685
5,9,11985.64572343
5,9,10592.27699055
5,9,58373.68609472
5,9,72384.06134753
5,9,18004.56336598
5,9,87950.28028867
5,9,79200.00515026
