3,24,221.4269661
3,24,64.12706402
3,24,26.44709172
3,24,80.24335568
3,24,150.96716518
3,24,64.17356176
3,24,101.12217284
3,24,127.85821834
3,24,96.42755979
3,24,208.16781558
3,24,163.08105695
3,24,80.3651516
3,24,121.69747017
3,24,98.53209099
3,24,11.25464131
3,24,14.00812187
3,24,39.748761
3,24,172.63999346
3,24,158.52427587
3,24,107.26454982
3,24,108.67022658
3,24,22.93145688
3,24,121.49723467
3,24,82.80138062
3,24,218.51412277
3,24,143.67064404
3,24,99.87235188
3,24,22.6636754
3,24,68.83350787
3,24,16.61499684
