5,7,978.60997743
5,7,1951.12632704
5,7,946.85237108
5,7,951.24507745
5,7,981.02480629
5,7,1248.82230547
5,7,1974.84695466
5,7,1387.5344082
5,7,903.19094597
5,7,1865.80921665
5,7,480.817079
5,7,794.13709995
5,7,1316.69829328
5,7,1302.57027336
5,7,897.11253788
5,7,635.12382063
5,7,359.98449666
5,7,1576.79194491
5,7,860.95894393
5,7,1027.18477723
5,7,1186.00059398
5,7,1460.57170922
5,7,2039.33873988
5,7,307.03261321
5,7,2141.24898924
5,7,1638.06299409
5,7,173.75625019
5,7,728.29310728
5,7,498.48634522
5,7,906.26841332
5,7,243.0482591
5,7,628.86979517
5,7,1119.79962675
5,7,922.69167191
5,7,1398.75626845
5,7,1281.26871072
5,7,364.48680215
5,7,995.24506972
5,7,448.1969358
5,7,1760.56142883
5,7,1227.25707939
5,7,1194.9894155
5,7,1288.79965699
5,7,810.62848899
5,7,1328.98271944
5,7,591.81543538
5,7,160.07813225
5,7,796.4157635
5,7,1467.93618062
5,7,1115.02645735
