5,14,25.02146143
5,14,82.93964466
5,14,104.5823004
5,14,99.31902935
5,14,88.06589829
5,14,60.11674183
5,14,177.84781709
5,14,74.69354711
5,14,237.39712653
5,14,101.52256612
5,14,40.36736274
5,14,309.96834011
5,14,183.76015392
5,14,59.22097405
5,14,39.1077505
5,14,44.97912842
5,14,319.10249065
5,14,66.33031278
5,14,51.96936327
5,14,105.12404956
5,14,35.68194387
5,14,222.2328001
5,14,23.38717736
5,14,7.93165972
5,14,51.18414844
5,14,74.57120588
5,14,18.0139403
5,14,2.14414198
5,14,105.88010267
5,14,162.19244984
5,14,424.97541236
5,14,37.77576233
5,14,256.1602537
5,14,22.08431042
5,14,317.50140623
5,14,56.98676265
5,14,111.02778975
5,14,97.03984277
5,14,6.30419431
5,14,27.43867294
5,14,75.41905116
5,14,88.35954706
5,14,99.70382788
5,14,174.69815197
5,14,100.74001478
5,14,68.68803657
5,14,56.90876448
5,14,169.28216233
5,14,45.59775874
5,14,61.14445859
