3,15,1048.40129397
3,15,480.392633
3,15,400.12586071
3,15,1117.73351164
3,15,1582.29501033
3,15,1118.18927766
3,15,2656.38778597
3,15,872.47278792
3,15,46.98570618
3,15,1234.51614387
3,15,145.21273695
3,15,3079.87036994
3,15,1197.16022779
3,15,578.8351535
3,15,13.74928432
3,15,605.72363948
3,15,932.5139896
3,15,2907.56886289
3,15,2722.10686516
3,15,600.46092777
3,15,365.82486365
3,15,387.95374434
3,15,788.92925612
3,15,3331.99938722
3,15,590.77409861
3,15,257.801933
3,15,417.52582895
3,15,789.31397366
3,15,1395.61842422
3,15,1212.13034593
