3,17,394.13054229
3,17,284.78053243
3,17,862.32948883
3,17,452.57821611
3,17,530.18983026
3,17,261.47809666
3,17,318.76185826
3,17,477.06344805
3,17,272.72524043
3,17,384.50708266
3,17,537.91335566
3,17,268.88340258
3,17,237.69584315
3,17,287.87376164
3,17,235.14873141
3,17,793.61207625
3,17,234.6326181
3,17,277.46719522
3,17,210.96595148
3,17,317.15782895
3,17,201.31780432
3,17,1173.16868358
3,17,398.52098273
3,17,225.97837115
3,17,262.26164126
3,17,324.81273222
3,17,280.7850124
3,17,649.25459917
3,17,283.4728125
3,17,378.04178185
