3,6,16564.04974645
3,6,7376.92363448
3,6,76972.83228847
3,6,44343.65979119
3,6,14986.69138203
3,6,71654.37744287
3,6,26680.6187685
3,6,71849.3830272
3,6,139154.50325776
3,6,84002.40069646
3,6,142106.27123596
3,6,75239.9718065
3,6,140520.54163364
3,6,32214.19681499
3,6,13934.61341484
3,6,73946.0833655
3,6,87112.68088552
3,6,38540.25865499
3,6,79646.81428227
3,6,27625.47415904
3,6,31125.93816845
3,6,3749.18111793
3,6,23125.76971214
3,6,32421.14847889
3,6,24134.43124299
3,6,2884.47552992
3,6,131846.29972846
3,6,6442.46911927
3,6,93526.3358307
3,6,59268.0029576
