5,18,242.19304649
5,18,49.54730163
5,18,73.38076575
5,18,317.14901061
5,18,124.99588648
5,18,141.66561194
5,18,168.19700091
5,18,408.83884128
5,18,7.73765206
5,18,82.83133088
5,18,125.92496969
5,18,20.8288472
5,18,119.37069921
5,18,431.44211523
5,18,79.78602124
5,18,210.99195668
5,18,28.41083377
5,18,124.81345251
5,18,12.35495969
5,18,361.96290884
5,18,92.6881036
5,18,161.49779821
5,18,212.67569191
5,18,59.18815757
5,18,84.28754338
5,18,219.59398772
5,18,123.14481485
5,18,166.34682452
5,18,93.25018245
5,18,193.00939486
5,18,278.75979838
5,18,49.78738831
5,18,45.29596136
5,18,17.73027793
5,18,201.82842739
5,18,147.81492703
5,18,5.22468107
5,18,442.58292539
5,18,211.09897683
5,18,229.66282073
5,18,966.64653972
5,18,310.16015543
5,18,68.21878099
5,18,19.09747846
5,18,151.62971647
5,18,196.27039258
5,18,2329.57458278
5,18,41.49101526
5,18,41.55180056
5,18,59.32370523
