3,5,990.22323724
3,5,972.45916657
3,5,980.08733415
3,5,933.43482005
3,5,990.08015996
3,5,930.43284313
3,5,1010.33129985
3,5,956.42453061
3,5,1014.25024424
3,5,1024.77922093
3,5,941.61524478
3,5,963.27144854
3,5,998.70961098
3,5,967.75902347
3,5,938.13329919
3,5,926.07167941
3,5,933.4499954
3,5,953.43069584
3,5,963.46041738
3,5,972.53573074
3,5,967.31460377
3,5,1033.98808444
3,5,965.3954996
3,5,931.99409663
3,5,938.19265113
3,5,972.45933671
3,5,981.04504587
3,5,999.59568045
3,5,997.61152664
3,5,939.06759654
