3,10,19095279.30902877
3,10,87081149.13416576
3,10,29518854.86995333
3,10,329106.34975356
3,10,12156875.66079794
3,10,12821710.41361128
3,10,73860747.53113191
3,10,14748242.57044146
3,10,2627139.72833212
3,10,6249985.78164999
3,10,16549327.67032803
3,10,28535386.6986566
3,10,1081216.87009476
3,10,612225.20448117
3,10,10058376.38530109
3,10,13522220.35191876
3,10,569937.82991152
3,10,10805418.60572154
3,10,90917917.99936321
3,10,22758818.88054697
3,10,19968567.79495744
3,10,565284.0446352
3,10,4996574.23134849
3,10,2139732.7554337
3,10,11279296.28892249
3,10,4311109.76120446
3,10,3352740.85415958
3,10,9308597.01467733
3,10,27050888.16661353
3,10,52005805.03923469
