3,9,9017.80969949
3,9,204.06551543
3,9,27602.04977266
3,9,15445.62271114
3,9,8115.23064946
3,9,13534.73527596
3,9,5543.56252837
3,9,17276.59483369
3,9,1712.71899564
3,9,29694.16872514
3,9,7695.10016251
3,9,3667.11312928
3,9,30243.63661963
3,9,19472.50648814
3,9,17478.42314664
3,9,6164.88070276
3,9,20388.7117451
3,9,13325.38551406
3,9,1839.83847583
3,9,72487.62752137
3,9,33432.06185101
3,9,25383.50883705
3,9,84096.51380951
3,9,11779.35160478
3,9,19297.69570582
3,9,24853.2027708
3,9,20081.29304508
3,9,27862.21443169
3,9,35613.9288183
3,9,14179.97418792
