5,10,12898770.59594931
5,10,2050430.57620061
5,10,153815.18781217
5,10,7083059.13855952
5,10,4786566.04168613
5,10,41663152.25178073
5,10,27904339.85397274
5,10,72547737.90224704
5,10,11912270.44664553
5,10,220321.85967145
5,10,21415445.04756307
5,10,3986431.65848334
5,10,72091842.280711
5,10,30240608.12947986
5,10,36161479.04997008
5,10,59372234.10470962
5,10,40865215.95929286
5,10,42995687.42644203
5,10,75843838.86710095
5,10,1924460.98312904
5,10,95869687.56885484
5,10,98006063.42265937
5,10,5575971.73043826
5,10,22002071.57156263
5,10,24374570.57384747
5,10,65252951.27827928
5,10,6167052.68891391
5,10,45321261.51135193
5,10,73228544.75839221
5,10,8648098.9782158
5,10,10935048.60329222
5,10,17392010.34361751
5,10,36013796.00950228
5,10,52276249.46034823
5,10,58815681.26095422
5,10,14083318.64422539
5,10,52642342.34440523
5,10,20929566.47131134
5,10,36244710.13962276
5,10,11388232.38726259
5,10,6519674.11552229
5,10,12452810.09926063
5,10,29527318.83344964
5,10,49014849.89660354
5,10,21393581.52947784
5,10,38349678.21797176
5,10,40318530.17676062
5,10,9189006.86661778
5,10,64576757.35451199
5,10,35981935.95074272
