5,24,180.64484659
5,24,176.77905079
5,24,146.85941161
5,24,216.34452405
5,24,25.30584041
5,24,192.4736364
5,24,258.9552382
5,24,95.6400067
5,24,7.89268219
5,24,38.08959994
5,24,107.54111014
5,24,252.9494179
5,24,5.98545848
5,24,7.04579161
5,24,151.9141717
5,24,183.34297589
5,24,90.76211237
5,24,164.14324458
5,24,38.04007043
5,24,98.99419531
5,24,285.7352527
5,24,62.77079044
5,24,155.19001844
5,24,138.22357677
5,24,259.2474395
5,24,158.42924607
5,24,165.33315787
5,24,50.6055651
5,24,108.70043032
5,24,175.29429388
5,24,16.41411941
5,24,205.49609327
5,24,224.65477057
5,24,133.43783154
5,24,161.02615573
5,24,108.61773079
5,24,152.02818566
5,24,358.07074273
5,24,237.14062215
5,24,20.21689457
5,24,102.65402275
5,24,60.063464
5,24,42.25444105
5,24,103.21589532
5,24,158.59782384
5,24,167.72511769
5,24,39.49260522
5,24,97.15589862
5,24,276.75790929
5,24,53.95826395
