5,6,483956.72027307
5,6,205669.09080089
5,6,185638.94194866
5,6,899528.5682724
5,6,1054471.24343487
5,6,787753.60447398
5,6,434657.86677273
5,6,84101.12653947
5,6,218034.45064726
5,6,1733991.21571979
5,6,906614.35808552
5,6,1052259.08138099
5,6,1884201.93305378
5,6,1264052.64335976
5,6,389229.94429044
5,6,99292.90389852
5,6,269210.63524938
5,6,11034.09985983
5,6,599181.95254948
5,6,44189.83911444
5,6,139288.87218842
5,6,102912.60715871
5,6,1033000.64189378
5,6,182788.9415866
5,6,196704.3359093
5,6,27456.20675004
5,6,1258011.41710149
5,6,1101785.9825791
5,6,357201.04725066
5,6,575845.36019295
5,6,146688.51786357
5,6,454332.94956176
5,6,125303.71276971
5,6,1709450.73435786
5,6,261910.02434591
5,6,635337.88593102
5,6,1247137.09284502
5,6,620571.84585984
5,6,536940.23749973
5,6,75416.62736779
5,6,422496.50731416
5,6,1074144.53558737
5,6,2289075.77807437
5,6,1660630.49181814
5,6,1208894.71967377
5,6,351497.17233711
5,6,865313.49709323
5,6,403134.75523053
5,6,337878.86466367
5,6,1037540.16893279
