5,11,547620.55302754
5,11,35011041.76451293
5,11,762035.8643761
5,11,6275396.94333649
5,11,22584093.5388348
5,11,37241048.2478544
5,11,2567146.94515836
5,11,23970184.18822922
5,11,23319476.20488914
5,11,26714425.83485025
5,11,22383941.35343837
5,11,8035503.25181337
5,11,2104765.25017057
5,11,4031233.78798143
5,11,530181.62835572
5,11,1267552.51503099
5,11,1865641.21726309
5,11,13373249.89828756
5,11,17698332.96995327
5,11,3576648.25022255
5,11,890859.01878778
5,11,2910063.58627268
5,11,25914260.98229679
5,11,2410529.50368247
5,11,4437067.99323345
5,11,942603.37800365
5,11,24994816.11334335
5,11,2262992.95117655
5,11,2080895.25115312
5,11,27159268.15356264
5,11,3870660.98059266
5,11,3152276.64295379
5,11,4380894.52729815
5,11,1295824.07172717
5,11,5215145.16868415
5,11,70968039.36534055
5,11,39947760.24363816
5,11,27107518.11007158
5,11,17147767.50775922
5,11,3266321.09938284
5,11,5437616.82095343
5,11,2255571.4512299
5,11,2521907.63901336
5,11,3846419.05164074
5,11,6004904.77102194
5,11,886593.29674871
5,11,2510244.41133551
5,11,2401637.03511836
5,11,131131.86376012
5,11,5054155.45273047
