3,2,7214749.59825053
3,2,24025694.16754145
3,2,594476.3883069
3,2,40616216.42505085
3,2,2990518.14433123
3,2,22642651.6739123
3,2,1763599.03868168
3,2,4698676.85067895
3,2,6912915.31956831
3,2,8035480.57468284
3,2,2968584.934462
3,2,34393911.93425976
3,2,2501762.87010163
3,2,12516939.18145492
3,2,35348827.95618701
3,2,3135850.19069427
3,2,2205138.05634613
3,2,1483060.84093723
3,2,12655836.13107884
3,2,13830910.6141162
3,2,23375324.7867128
3,2,30286886.77135189
3,2,5192151.88248741
3,2,1071081.15639358
3,2,43513275.74688379
3,2,18724143.54351244
3,2,2027192.64942137
3,2,4213232.35840718
3,2,7197824.68030112
3,2,2302301.81177658
