5,15,366.16361141
5,15,277.42000744
5,15,1767.8655364
5,15,118.35096691
5,15,192.12121911
5,15,815.50831393
5,15,110.65476779
5,15,140.78705046
5,15,1441.68701757
5,15,246.06352634
5,15,205.34117224
5,15,1238.01470774
5,15,1269.98082449
5,15,455.23979639
5,15,4.93998371
5,15,877.68567706
5,15,1477.16581931
5,15,70.73747246
5,15,1047.87181085
5,15,1114.49172122
5,15,42.14956147
5,15,666.90695321
5,15,70.65476113
5,15,1045.1297347
5,15,1013.51937611
5,15,1183.81161617
5,15,160.47879088
5,15,201.44898442
5,15,39.95765276
5,15,364.42004683
5,15,62.73566907
5,15,418.17089411
5,15,880.68286845
5,15,156.38377454
5,15,77.56799229
5,15,55.20672888
5,15,850.63533201
5,15,297.2935902
5,15,1786.05631834
5,15,1180.11584731
5,15,342.24475802
5,15,1112.348349
5,15,1159.0209966
5,15,363.12236304
5,15,128.7252767
5,15,723.18214609
5,15,1128.11926443
5,15,1234.14181112
5,15,199.82643399
5,15,2960.70664186
