5,16,146.19912256
5,16,16.89991625
5,16,154.55490306
5,16,101.219221
5,16,105.51553955
5,16,63.85554716
5,16,53.65713315
5,16,32.05009492
5,16,94.40009842
5,16,66.94224728
5,16,86.07335752
5,16,90.85108838
5,16,278.01611219
5,16,22.73615623
5,16,55.0873388
5,16,10.04573531
5,16,38.81063498
5,16,59.82857265
5,16,39.31467628
5,16,120.90659216
5,16,35.18350278
5,16,94.66636113
5,16,68.36238989
5,16,12.73425439
5,16,134.08907281
5,16,70.41150933
5,16,286.64680638
5,16,103.47157362
5,16,12.44171077
5,16,119.03445095
5,16,123.81677197
5,16,47.74752718
5,16,117.91920541
5,16,32.41602688
5,16,221.51476492
5,16,34.55651855
5,16,88.80902949
5,16,60.59918104
5,16,39.48721645
5,16,43.31875097
5,16,109.80748119
5,16,223.04636158
5,16,82.01771313
5,16,120.99175772
5,16,25.73999817
5,16,20.13112103
5,16,146.10844739
5,16,215.86180166
5,16,34.52336002
5,16,16.31841799
