3,19,40.15268282
3,19,1.7161411
3,19,182.68285825
3,19,25.99878442
3,19,5.24686088
3,19,28.59300768
3,19,21.35039419
3,19,138.21797739
3,19,115.37171878
3,19,128.53349856
3,19,31.92223422
3,19,27.98586201
3,19,29.10294899
3,19,12.61707421
3,19,47.35067169
3,19,6.87595315
3,19,21.09272285
3,19,49.33168151
3,19,100.95781832
3,19,18.63852193
3,19,35.19602203
3,19,56.43703344
3,19,44.16713982
3,19,6.73700842
3,19,100.97456191
3,19,118.24411023
3,19,40.12751717
3,19,34.26471454
3,19,55.47839263
3,19,87.10249569
