3,19,6.1877554
3,19,126.99828009
3,19,23.38339609
3,19,42.67868021
3,19,63.43322217
3,19,83.19812013
3,19,76.19184326
3,19,60.77301509
3,19,75.93726054
3,19,58.51873966
3,19,138.20767209
3,19,37.91157671
3,19,71.34726251
3,19,76.25602803
3,19,122.94450234
3,19,36.29357057
3,19,116.0191831
3,19,123.29581798
3,19,98.55902636
3,19,90.5104249
3,19,65.3977832
3,19,124.77581448
3,19,8.24550725
3,19,71.82102719
3,19,150.34076036
3,19,130.66041291
3,19,24.12977964
3,19,54.08972586
3,19,61.56864932
3,19,129.94295163
