3,19,42.90659398
3,19,76.22556015
3,19,59.79202322
3,19,6.34388735
3,19,42.67281506
3,19,107.59650086
3,19,48.03549501
3,19,182.23387139
3,19,6.33385883
3,19,20.77315171
3,19,10.6792716
3,19,75.81096783
3,19,71.21416568
3,19,19.5843703
3,19,28.83769104
3,19,37.86192155
3,19,24.76038395
3,19,76.83363294
3,19,33.78883367
3,19,209.71439706
3,19,3.62627883
3,19,67.80767093
3,19,81.96593933
3,19,0.4490819
3,19,18.42497719
3,19,55.04790134
3,19,26.05536122
3,19,176.34225406
3,19,109.62139252
3,19,80.40420571
