3,15,95.63716801
3,15,3042.2950356
3,15,1699.86427773
3,15,2107.36713093
3,15,1082.82973972
3,15,1399.35658409
3,15,156.54578229
3,15,556.35593333
3,15,225.02730521
3,15,154.6323608
3,15,3930.8948901
3,15,1042.26617733
3,15,182.05804689
3,15,1836.87634093
3,15,102.91674087
3,15,712.70188484
3,15,266.95259119
3,15,1994.42859321
3,15,47.5244546
3,15,1113.0873269
3,15,1233.98773559
3,15,2180.26803589
3,15,14.85162835
3,15,1608.30413892
3,15,659.24629755
3,15,4054.16578084
3,15,256.73204459
3,15,633.68385047
3,15,1199.07811217
3,15,777.61469514
