5,18,4.87218525
5,18,18.02031071
5,18,49.67076059
5,18,66.94361492
5,18,238.12950364
5,18,52.81668236
5,18,160.40642418
5,18,125.88604423
5,18,75.66265823
5,18,110.75584602
5,18,47.22817125
5,18,139.45295163
5,18,23.09547923
5,18,146.4412843
5,18,28.28270683
5,18,131.71038633
5,18,13.9916573
5,18,41.82379891
5,18,54.08775278
5,18,56.12272661
5,18,60.63054679
5,18,64.93516205
5,18,8.97207575
5,18,35.80106402
5,18,38.99953512
5,18,53.58117442
5,18,86.90442444
5,18,82.27349747
5,18,97.74927023
5,18,13.28156295
5,18,141.29847554
5,18,49.61728869
5,18,140.09506231
5,18,91.27276814
5,18,106.83685785
5,18,261.76707588
5,18,0.50359556
5,18,84.58822391
5,18,81.80572996
5,18,22.10637849
5,18,69.87806904
5,18,60.93791465
5,18,81.01976544
5,18,184.18267139
5,18,122.31199632
5,18,29.25364687
5,18,15.98042301
5,18,24.8385798
5,18,39.24654672
5,18,53.38279101
