3,3,1616.85868273
3,3,388.26320875
3,3,406.56057079
3,3,239.77571101
3,3,145.32473087
3,3,541.9492368
3,3,300.04019394
3,3,585.99430809
3,3,155.22596362
3,3,340.25008036
3,3,934.23166315
3,3,219.97952918
3,3,267.58970526
3,3,221.79336653
3,3,266.52160665
3,3,420.25158514
3,3,749.46868297
3,3,309.78535947
3,3,236.61855549
3,3,282.03660774
3,3,489.79801666
3,3,393.37308846
3,3,257.7813322
3,3,1355.01526797
3,3,463.09525368
3,3,273.39439385
3,3,120.92956614
3,3,268.65067412
3,3,463.20432646
3,3,468.57036099
