5,11,37698077.93956786
5,11,39757723.70813487
5,11,9825894.42905027
5,11,1931931.50387734
5,11,1117840.21340859
5,11,16327767.2646571
5,11,17058683.24249572
5,11,4255300.41946227
5,11,1363756.0206211
5,11,3450493.40132101
5,11,18861035.61752984
5,11,33525925.67781602
5,11,5416338.83547249
5,11,52427425.60106532
5,11,291767.52933509
5,11,34767482.24574843
5,11,2753981.46940837
5,11,43481297.22466837
5,11,2412550.29616988
5,11,29406960.94018498
5,11,2782551.17131995
5,11,2096921.47873422
5,11,29981621.78632114
5,11,9933703.56931262
5,11,1884114.34409742
5,11,18547534.23623607
5,11,17578012.9808404
5,11,10734825.14106271
5,11,9805867.65235602
5,11,35291258.0691437
5,11,31410880.52928589
5,11,910559.32921484
5,11,2422692.77542324
5,11,4947982.27166678
5,11,12026981.29948706
5,11,14294884.86008237
5,11,4054258.47082665
5,11,32691928.80964214
5,11,8863035.1444625
5,11,2263784.53433941
5,11,3546089.11992987
5,11,403639.79457996
5,11,5762579.40354413
5,11,2179918.4589857
5,11,3752880.39796302
5,11,22571739.76218997
5,11,48359497.43095022
5,11,15454020.91971008
5,11,2074256.75940632
5,11,993702.35609145
