3,18,295.93154435
3,18,12.87971164
3,18,375.62245332
3,18,3.76182416
3,18,412.92084971
3,18,207.30182791
3,18,80.16138077
3,18,788.91773617
3,18,435.14038583
3,18,487.51407278
3,18,45.19156722
3,18,34.8420044
3,18,215.77388686
3,18,445.73081051
3,18,69.3838004
3,18,10.09815463
3,18,59.00334084
3,18,232.43718833
3,18,783.1909938
3,18,1441.47394152
3,18,617.29611262
3,18,546.79020709
3,18,275.2436546
3,18,289.32612352
3,18,205.99079509
3,18,282.99931753
3,18,346.98533432
3,18,964.30797225
3,18,437.41233758
3,18,986.24400153
