5,6,43672.05974539
5,6,46893.22273112
5,6,182330.15282337
5,6,105316.76267417
5,6,7424.21169411
5,6,303888.19440269
5,6,187844.75173715
5,6,68365.66986843
5,6,365521.49580962
5,6,302979.27533617
5,6,209044.8675988
5,6,8921.88234757
5,6,102963.34804625
5,6,276097.33015275
5,6,214743.45024674
5,6,422729.64543154
5,6,81234.43149984
5,6,66677.37718109
5,6,131853.2628885
5,6,236901.25807215
5,6,56735.32867949
5,6,178115.22368985
5,6,46996.57785392
5,6,969044.65495664
5,6,10366.43025679
5,6,191561.85832567
5,6,79259.22048455
5,6,490721.69387216
5,6,296968.1659401
5,6,189235.34526501
5,6,69733.05112758
5,6,130506.32967774
5,6,215614.93351258
5,6,110458.05549153
5,6,490385.62341861
5,6,221799.26243232
5,6,36224.57682779
5,6,337012.72054353
5,6,241932.6922643
5,6,116648.11685321
5,6,126131.89894508
5,6,64349.77155283
5,6,9420.24823879
5,6,26105.50042771
5,6,39506.47423781
5,6,53013.4815535
5,6,287556.74961175
5,6,227746.04660066
5,6,328208.99184833
5,6,25694.1008995
