3,19,455.72098303
3,19,386.52245387
3,19,441.57383361
3,19,404.48449624
3,19,414.65914908
3,19,429.93463281
3,19,404.84493898
3,19,399.03039624
3,19,406.73145414
3,19,423.06957769
3,19,457.9747972
3,19,418.05525206
3,19,433.85066421
3,19,454.53783105
3,19,453.23404016
3,19,326.71307188
3,19,441.77507855
3,19,466.87018729
3,19,369.45781295
3,19,386.31043175
3,19,457.74715867
3,19,424.12125708
3,19,363.78966587
3,19,424.17258124
3,19,428.09489063
3,19,346.94314795
3,19,418.23203502
3,19,429.30837912
3,19,370.81217393
3,19,335.55545206
