5,24,163.61757434
5,24,73.96895687
5,24,71.80223746
5,24,104.25752509
5,24,1.79412096
5,24,86.216838
5,24,44.09422844
5,24,330.06787008
5,24,45.81087875
5,24,23.43069218
5,24,146.70924573
5,24,242.71860498
5,24,17.51056259
5,24,23.57686184
5,24,16.09715546
5,24,244.35754794
5,24,252.73718586
5,24,248.31524707
5,24,76.32685802
5,24,12.81821837
5,24,6.61501798
5,24,70.00307037
5,24,37.46607221
5,24,96.70682576
5,24,0.08903787
5,24,43.31977604
5,24,105.44493088
5,24,16.7295006
5,24,13.57425933
5,24,8.66736294
5,24,43.91003502
5,24,213.56103712
5,24,52.85018758
5,24,12.04409902
5,24,3.73520211
5,24,88.15762965
5,24,119.12786169
5,24,54.71664014
5,24,121.07553252
5,24,15.07809221
5,24,7.46679491
5,24,29.93833566
5,24,9.46009291
5,24,122.49327567
5,24,68.9148161
5,24,168.85960682
5,24,104.70065319
5,24,33.04293471
5,24,117.93900065
5,24,66.50707505
