3,7,1049.57877979
3,7,1100.59919344
3,7,422.23166889
3,7,953.17874886
3,7,1631.58026861
3,7,224.56155485
3,7,872.07276786
3,7,95.61871847
3,7,1064.14217036
3,7,1195.04551271
3,7,801.45210643
3,7,806.14688526
3,7,732.04033356
3,7,1279.46643516
3,7,808.60736242
3,7,766.83121445
3,7,1070.44594813
3,7,82.42377656
3,7,588.85850113
3,7,1173.40463138
3,7,403.56174492
3,7,1267.42940988
3,7,128.81475886
3,7,725.36770043
3,7,2693.16184509
3,7,810.72962432
3,7,221.44274351
3,7,839.7908985
3,7,1145.94231006
3,7,258.83027586
