5,5,43.30842318
5,5,46.64910807
5,5,11.31602637
5,5,16.84023975
5,5,70.78408488
5,5,50.33171783
5,5,155.98168516
5,5,150.97532008
5,5,23.53912873
5,5,93.35997613
5,5,94.30768986
5,5,114.28715059
5,5,10.20070037
5,5,56.88789259
5,5,59.62410403
5,5,18.99380752
5,5,77.48680948
5,5,37.11068191
5,5,108.34525002
5,5,9.37620969
5,5,3.28754859
5,5,73.18186155
5,5,52.41712736
5,5,61.98003799
5,5,96.60122011
5,5,34.71643977
5,5,122.40900781
5,5,41.5977475
5,5,14.39573266
5,5,5.1711423
5,5,11.47492421
5,5,16.11640549
5,5,1.09763351
5,5,17.13134052
5,5,125.19104581
5,5,51.405151
5,5,66.09309463
5,5,3.09445176
5,5,3.21873082
5,5,14.07485471
5,5,26.71440825
5,5,77.75427439
5,5,8.53152883
5,5,50.55557786
5,5,51.22227408
5,5,2.81326187
5,5,25.6794405
5,5,14.8109028
5,5,46.20100805
5,5,78.39751148
