5,15,289.78927168
5,15,93.83027531
5,15,1291.30821265
5,15,47.94479991
5,15,433.01136717
5,15,321.77463345
5,15,240.72012437
5,15,836.99174696
5,15,568.93660951
5,15,384.16472658
5,15,2669.78188761
5,15,217.85164724
5,15,908.03206989
5,15,640.13178442
5,15,602.83122489
5,15,1389.78844078
5,15,455.83473175
5,15,1907.37387798
5,15,532.74721395
5,15,588.94314608
5,15,1554.3283904
5,15,1159.66190087
5,15,1939.21462888
5,15,1096.38904481
5,15,1579.90660261
5,15,2405.21265131
5,15,622.9748464
5,15,806.06360551
5,15,498.33761352
5,15,66.99874012
5,15,1300.00010324
5,15,1149.89001276
5,15,158.04922643
5,15,49.8403564
5,15,2278.74262904
5,15,211.26861469
5,15,207.44999314
5,15,339.46080417
5,15,385.87967203
5,15,162.09861983
5,15,778.65721523
5,15,41.63618839
5,15,108.2270015
5,15,251.37283784
5,15,9.47443123
5,15,1056.18385787
5,15,286.81228936
5,15,653.97044029
5,15,1287.2566153
5,15,525.48342509
