3,16,30.65571861
3,16,162.10726267
3,16,64.8758734
3,16,8.96186536
3,16,31.22722531
3,16,110.59223771
3,16,171.44653896
3,16,252.58395455
3,16,262.94610103
3,16,360.43530323
3,16,160.66607373
3,16,125.15488143
3,16,22.65270647
3,16,99.79750763
3,16,221.26378399
3,16,59.29487457
3,16,144.5380358
3,16,148.2935147
3,16,99.59373955
3,16,75.85469849
3,16,65.91596379
3,16,237.20685871
3,16,20.49347528
3,16,118.91327964
3,16,44.07209635
3,16,14.0386851
3,16,125.44318953
3,16,53.19296484
3,16,53.93733407
3,16,120.65514169
