3,22,1227.77659684
3,22,417.4203237
3,22,111.7804268
3,22,135.76834897
3,22,270.68404512
3,22,287.67327368
3,22,395.10179482
3,22,102.94023083
3,22,101.00324026
3,22,138.19681365
3,22,176.54349502
3,22,281.1024479
3,22,306.51071491
3,22,411.69633962
3,22,596.45284287
3,22,931.27457766
3,22,467.924198
3,22,130.92954156
3,22,121.83759076
3,22,337.8468538
3,22,984.18169889
3,22,435.18817317
3,22,246.8155445
3,22,400.29664059
3,22,265.5972607
3,22,302.81852082
3,22,200.0950925
3,22,580.79737587
3,22,279.57611013
3,22,391.82920979
