3,10,10273952.61743605
3,10,18976209.05435218
3,10,11641884.87847234
3,10,23363975.60767337
3,10,6541481.5454057
3,10,708463.9995869
3,10,94841.60699901
3,10,12368004.29278427
3,10,2429733.2412302
3,10,10767962.89410143
3,10,4024217.54646281
3,10,8358743.36560454
3,10,6972991.56515962
3,10,1380138.67539471
3,10,32262579.91796012
3,10,4199243.39613131
3,10,6196162.32612466
3,10,8038987.10765144
3,10,25914.24542043
3,10,9155334.41225907
3,10,8473703.17102875
3,10,4898432.16267666
3,10,4113052.58756525
3,10,322213.28936392
3,10,15150921.86346161
3,10,1066235.75902433
3,10,4881724.45372183
3,10,14899605.69699687
3,10,28635187.40372317
3,10,7167535.29101779
