5,13,152.33281681
5,13,924.71327178
5,13,439.72915608
5,13,1823.16241832
5,13,111.30744802
5,13,764.74887411
5,13,336.29627412
5,13,1112.23650117
5,13,670.6482605
5,13,1136.20965462
5,13,262.92967826
5,13,252.7853814
5,13,576.22019369
5,13,857.18737575
5,13,2156.95832464
5,13,322.03831571
5,13,1410.93649315
5,13,999.63253227
5,13,1265.85341442
5,13,1305.36000146
5,13,3722.98544662
5,13,1815.73532572
5,13,1016.76419789
5,13,560.78763563
5,13,952.81528265
5,13,1111.1965248
5,13,122.14622331
5,13,1081.91093897
5,13,1636.16992651
5,13,493.61783074
5,13,52.55528929
5,13,793.30570134
5,13,1199.69065165
5,13,403.41784388
5,13,1075.63745768
5,13,211.50225571
5,13,1248.97906601
5,13,1250.44059469
5,13,1799.37437608
5,13,1183.24491286
5,13,1308.04871797
5,13,492.05855466
5,13,317.54165607
5,13,989.05220258
5,13,461.95597877
5,13,286.19917126
5,13,625.46848454
5,13,781.16791858
5,13,30.00095413
5,13,2285.9897572
