3,2,41778016.65335754
3,2,9770170.2438106
3,2,59432479.59834547
3,2,17231653.2358088
3,2,3410183.44753035
3,2,4521.42797073
3,2,48339841.14898722
3,2,10611105.83881683
3,2,17783912.44518521
3,2,29967410.20769215
3,2,1468040.99175625
3,2,2889137.22394434
3,2,26531714.71398035
3,2,27260430.78498668
3,2,40360605.12243921
3,2,31012282.80236746
3,2,5082327.89523713
3,2,4856500.38683174
3,2,5761004.76996012
3,2,16886348.21443398
3,2,1837344.00975816
3,2,37272357.96528148
3,2,212766.7728751
3,2,9920939.4198749
3,2,7657756.73757302
3,2,35943557.36833346
3,2,40209533.68469202
3,2,17450995.84350637
3,2,37238477.98598254
3,2,59488745.18579578
