5,14,110.28843515
5,14,362.56435805
5,14,63.16487134
5,14,365.34341076
5,14,220.95943253
5,14,176.10732243
5,14,360.67325766
5,14,286.53382216
5,14,47.53885185
5,14,465.44330258
5,14,846.59113303
5,14,171.76616958
5,14,362.14473816
5,14,396.50598377
5,14,106.89340037
5,14,157.94088929
5,14,172.35728322
5,14,33.64549799
5,14,42.29336869
5,14,209.09327418
5,14,79.87537426
5,14,30.28756655
5,14,260.59267918
5,14,155.29382864
5,14,279.77981773
5,14,213.45874942
5,14,56.62042119
5,14,288.96267554
5,14,206.10324525
5,14,184.8427656
5,14,176.21613617
5,14,177.93604913
5,14,271.67791715
5,14,150.56613162
5,14,228.63005437
5,14,3.61650507
5,14,442.86883852
5,14,19.95988994
5,14,209.84173194
5,14,144.83276424
5,14,209.84857809
5,14,200.10036205
5,14,137.90675768
5,14,53.0370547
5,14,241.02964945
5,14,234.20442026
5,14,188.48305802
5,14,471.51234106
5,14,197.00807033
5,14,185.77411133
