3,20,71360.90362914
3,20,18841.77295179
3,20,15854.16680646
3,20,40572.29178774
3,20,19076.05492263
3,20,9357.57376815
3,20,35303.1357208
3,20,10953.50278492
3,20,118960.28636396
3,20,43504.76591232
3,20,33088.25812336
3,20,7558.43616795
3,20,18741.42184913
3,20,1541.42808346
3,20,97799.99323027
3,20,20490.36936326
3,20,50709.01985811
3,20,96674.18714016
3,20,35920.74067397
3,20,110189.64254022
3,20,67263.20586444
3,20,8237.95146978
3,20,15307.3594568
3,20,50851.43327985
3,20,74452.21593471
3,20,46779.81285951
3,20,8017.28724058
3,20,7266.25602825
3,20,66352.33606515
3,20,7490.74885185
