3,20,45514.72587845
3,20,4410.8711257
3,20,7111.53459255
3,20,3978.1976588
3,20,6968.12668347
3,20,23843.5143356
3,20,8078.23394826
3,20,84591.73292585
3,20,84964.43359309
3,20,2464.32374601
3,20,9492.45631083
3,20,23180.0823331
3,20,118915.79672228
3,20,13701.98545508
3,20,18904.34426396
3,20,46485.28263967
3,20,71085.36765208
3,20,1193.12670699
3,20,53295.61027573
3,20,50987.98599698
3,20,4972.21128091
3,20,937.72767757
3,20,5641.29188416
3,20,39167.53655424
3,20,75085.74936255
3,20,9071.51705012
3,20,44265.71791123
3,20,12233.51713551
3,20,10240.51272421
3,20,8901.68849076
