5,7,378.27268704
5,7,444.9982445
5,7,604.580917
5,7,464.58681914
5,7,244.29469642
5,7,484.79011779
5,7,496.21650447
5,7,123.03829869
5,7,985.14346355
5,7,667.09140075
5,7,293.38136392
5,7,570.45893881
5,7,570.99291572
5,7,50.95344719
5,7,586.82069994
5,7,58.57760692
5,7,404.06317002
5,7,1569.44851118
5,7,189.91183273
5,7,396.77348141
5,7,728.77746477
5,7,248.37201764
5,7,1960.76429296
5,7,107.14977016
5,7,520.43075817
5,7,223.93813979
5,7,266.75737017
5,7,412.45065684
5,7,673.53133209
5,7,164.71812922
5,7,343.59572178
5,7,125.5090559
5,7,250.66929986
5,7,448.74548192
5,7,768.72197595
5,7,1642.72783937
5,7,201.92374662
5,7,219.84161355
5,7,2446.86775001
5,7,841.15874373
5,7,511.68643094
5,7,156.95460075
5,7,540.54062602
5,7,346.44714019
5,7,1102.20875902
5,7,436.04436775
5,7,253.01217168
5,7,208.26101511
5,7,301.03625801
5,7,222.86887253
