5,1,182.55712178
5,1,232.17792875
5,1,246.82517613
5,1,252.1125685
5,1,259.9222373
5,1,227.18100528
5,1,267.14527246
5,1,219.17748965
5,1,261.42902451
5,1,184.70979492
5,1,194.3620181
5,1,184.84223492
5,1,166.54872662
5,1,147.90071111
5,1,259.86706972
5,1,201.97019106
5,1,187.4558326
5,1,282.38197213
5,1,200.78260153
5,1,332.668796
5,1,529.28273178
5,1,210.1579249
5,1,275.03108353
5,1,227.55033431
5,1,216.80146125
5,1,261.86764307
5,1,188.32969551
5,1,243.30433156
5,1,271.53795683
5,1,135.27644309
5,1,392.69339738
5,1,160.30032497
5,1,359.6588596
5,1,113.81100761
5,1,173.62224118
5,1,283.88997265
5,1,341.05668258
5,1,157.05604526
5,1,481.3811966
5,1,371.41294872
5,1,151.67487065
5,1,563.23747311
5,1,250.68369712
5,1,224.98249794
5,1,280.63142964
5,1,246.46324194
5,1,267.23489436
5,1,315.32389467
5,1,179.76345539
5,1,283.33964329
