5,6,255417.59751341
5,6,117005.14595611
5,6,459977.33560186
5,6,17643.61286175
5,6,210509.25484945
5,6,88308.60709056
5,6,42278.08124789
5,6,45589.0555058
5,6,293728.93878116
5,6,213810.13780791
5,6,102223.21136915
5,6,112990.11560161
5,6,30075.56476573
5,6,282547.62177094
5,6,160023.46895492
5,6,140977.19125458
5,6,33277.91954724
5,6,36739.86555921
5,6,8565.82876778
5,6,116143.60735102
5,6,262673.56617652
5,6,53851.46366277
5,6,497236.64470212
5,6,447138.70280308
5,6,7301.44463087
5,6,183968.13197648
5,6,160093.00113671
5,6,44154.59280704
5,6,46451.41818125
5,6,14259.19427856
5,6,75358.08724089
5,6,235419.50120069
5,6,65684.11929091
5,6,103490.4519085
5,6,1435.66652331
5,6,10594.10050286
5,6,9964.92721642
5,6,309151.90364447
5,6,181758.07143969
5,6,190411.5505195
5,6,270184.16962183
5,6,104969.14899408
5,6,224881.0501783
5,6,41809.49642998
5,6,385303.8160483
5,6,229981.06577555
5,6,253700.76081009
5,6,54253.06133972
5,6,152045.68711197
5,6,541173.35807262
