5,19,57.44225177
5,19,32.73285922
5,19,54.55745877
5,19,19.92645655
5,19,8.86119709
5,19,56.6841657
5,19,37.15971249
5,19,0.9004953
5,19,1.27390107
5,19,21.74189351
5,19,53.56959463
5,19,33.5054619
5,19,35.84811881
5,19,3.39554253
5,19,19.79158728
5,19,55.91504987
5,19,6.88093371
5,19,83.9575185
5,19,14.50600704
5,19,157.49227419
5,19,36.23661206
5,19,52.17300224
5,19,50.64810512
5,19,9.16890038
5,19,16.82830366
5,19,35.63652817
5,19,150.00648071
5,19,60.8238677
5,19,29.51322375
5,19,16.65346787
5,19,28.94726636
5,19,22.26835741
5,19,81.24600959
5,19,3.42066293
5,19,232.65715704
5,19,24.10889896
5,19,27.93624399
5,19,8.64423843
5,19,18.63270447
5,19,96.73523681
5,19,5.98006141
5,19,73.00339318
5,19,42.06146111
5,19,74.34476264
5,19,85.84792095
5,19,8.17812105
5,19,82.24884534
5,19,124.70049078
5,19,64.31237464
5,19,37.85584543
