5,15,173.33505451
5,15,1564.75872499
5,15,474.05519341
5,15,401.19370122
5,15,551.92657897
5,15,281.25171893
5,15,85.69667732
5,15,108.33315667
5,15,725.94258745
5,15,2449.42259646
5,15,3807.35507608
5,15,649.45518012
5,15,4239.94948939
5,15,251.69038465
5,15,2018.18736734
5,15,584.612961
5,15,150.67516266
5,15,261.76578474
5,15,2347.64176525
5,15,1388.93441772
5,15,5189.02672165
5,15,643.33381739
5,15,697.50362547
5,15,156.29077263
5,15,705.6013238
5,15,682.18701263
5,15,2504.31432685
5,15,1715.49706365
5,15,507.00925857
5,15,2420.42300493
5,15,1516.20588535
5,15,76.20368455
5,15,184.75772725
5,15,987.97119695
5,15,1747.02201933
5,15,482.84287119
5,15,438.6773435
5,15,135.14808813
5,15,1338.70634156
5,15,103.93255349
5,15,907.1886909
5,15,1370.25333071
5,15,1523.67642505
5,15,325.36153065
5,15,290.16428032
5,15,1570.04987989
5,15,564.84704195
5,15,420.58130764
5,15,480.01569033
5,15,843.87164054
