5,12, 1.40076996e+08
5,12,90294905.71510391
5,12, 1.41633517e+08
5,12,63752135.5797303
5,12, 1.03234992e+08
5,12, 2.54679483e+08
5,12,18148245.58511037
5,12,43262910.49248022
5,12,31963740.8754832
5,12, 2.27233740e+08
5,12, 3.40572161e+08
5,12,65244083.93612376
5,12,41865256.48130615
5,12, 2.43920709e+10
5,12, 1.00272740e+08
5,12,40513206.08726466
5,12, 2.41948696e+08
5,12, 2.63863679e+08
5,12,56926226.42750844
5,12,68583190.76632467
5,12,45193396.24710149
5,12,65495764.14508803
5,12,47775455.66730774
5,12, 4.07509045e+08
5,12,77782833.58211714
5,12, 1.21678611e+08
5,12,36589526.10521629
5,12, 3.32691391e+08
5,12,50493023.0446836
5,12, 3.38856722e+08
5,12,35039441.49134862
5,12, 5.32188257e+08
5,12, 1.10033346e+08
5,12,72456358.90097529
5,12, 1.23310735e+08
5,12, 1.04604706e+09
5,12, 4.22018436e+08
5,12,22445268.75776167
5,12,48755391.03612979
5,12,46984750.31747636
5,12, 1.84520079e+08
5,12,81321143.01097049
5,12,28283619.00107121
5,12, 5.99186221e+08
5,12, 1.15165570e+08
5,12, 2.32284927e+08
5,12,16980425.09425066
5,12, 1.99204954e+08
5,12,28949393.04742859
5,12, 1.30795082e+08
