3,13,427.54409834
3,13,105.20248077
3,13,1283.54992004
3,13,944.696186
3,13,1456.27660201
3,13,1504.76045386
3,13,1132.66622223
3,13,1863.45559889
3,13,897.40599615
3,13,1549.4939072
3,13,934.47692206
3,13,146.15607503
3,13,182.18875908
3,13,126.97554419
3,13,444.169586
3,13,554.63972755
3,13,756.65387005
3,13,554.94332093
3,13,1025.42311238
3,13,964.96534579
3,13,140.07923859
3,13,1469.21668629
3,13,105.83837331
3,13,1362.83079584
3,13,1796.44883505
3,13,315.04797102
3,13,1503.18703126
3,13,984.81942036
3,13,1203.47714892
3,13,394.94614556
