3,15,1197.1796831
3,15,1034.09523022
3,15,85.55257606
3,15,308.71275673
3,15,158.96244555
3,15,582.18012447
3,15,1709.03025674
3,15,842.42359545
3,15,855.52495703
3,15,332.9121066
3,15,1150.71131746
3,15,488.79158211
3,15,783.41785479
3,15,842.38639332
3,15,223.3248039
3,15,228.48405074
3,15,694.19976128
3,15,212.52844669
3,15,1063.0828711
3,15,94.21335231
3,15,225.19788529
3,15,1059.49820217
3,15,294.55355458
3,15,966.30614243
3,15,63.65489722
3,15,254.2887956
3,15,474.51062977
3,15,101.21401108
3,15,47.42925659
3,15,999.99302894
