5,21,67.51330472
5,21,76.45780922
5,21,21.02619093
5,21,83.19434628
5,21,22.13004107
5,21,63.76738775
5,21,29.56896554
5,21,66.52257208
5,21,49.20794998
5,21,87.01624472
5,21,107.26521061
5,21,92.71054059
5,21,28.57115453
5,21,66.72140339
5,21,24.81773207
5,21,25.28676057
5,21,16.01983312
5,21,41.61665932
5,21,98.68209476
5,21,17.57675692
5,21,52.30460871
5,21,3.95724918
5,21,15.25712643
5,21,10.92165273
5,21,63.55974477
5,21,70.97787687
5,21,68.53917646
5,21,70.04691693
5,21,64.19263838
5,21,90.62126592
5,21,44.50497841
5,21,54.21180957
5,21,62.98071966
5,21,25.66619831
5,21,68.02767971
5,21,83.44525616
5,21,65.2116259
5,21,40.34425543
5,21,13.17728856
5,21,66.2541197
5,21,90.42291999
5,21,14.28531889
5,21,98.39912059
5,21,25.76349913
5,21,3.25701067
5,21,73.99115128
5,21,30.79077875
5,21,89.42549916
5,21,106.55603204
5,21,37.73389353
