3,4,597.94317731
3,4,908.59871039
3,4,3730.09021048
3,4,604.69385817
3,4,910.91445098
3,4,590.08581435
3,4,5372.08853777
3,4,2948.86154491
3,4,370.41929449
3,4,936.34158617
3,4,823.68417836
3,4,1433.81902201
3,4,643.8455932
3,4,239.59573902
3,4,444.60868307
3,4,724.51810345
3,4,274.59753839
3,4,488.79657665
3,4,427.03196336
3,4,2703.2315568
3,4,882.330605
3,4,189.08315759
3,4,832.54513278
3,4,1470.45946826
3,4,60.38072179
3,4,538.60885674
3,4,627.77621751
3,4,475.01320804
3,4,317.56911907
3,4,410.79881397
