3,2,15949024.68595854
3,2,3997843.36376952
3,2,3057719.90841372
3,2,6205606.27295248
3,2,50620010.78387554
3,2,30705513.62920138
3,2,20080310.65501273
3,2,107585.41980062
3,2,62039659.10266219
3,2,3495700.20366271
3,2,22532029.18115911
3,2,18893885.24737521
3,2,3388467.4753169
3,2,5033265.87106867
3,2,3357748.08833435
3,2,42002433.52186661
3,2,1674761.29622841
3,2,15230096.81729072
3,2,7900024.89532057
3,2,10690614.82922625
3,2,11224188.06068808
3,2,12794626.28246022
3,2,13459985.85050259
3,2,30919733.03738824
3,2,12962470.68817263
3,2,11369035.71704165
3,2,5381170.62538947
3,2,34231743.54282425
3,2,2735523.42547631
3,2,718887.92086229
