3,16,380.64715837
3,16,413.28181596
3,16,577.14755885
3,16,467.16245062
3,16,327.17562173
3,16,510.72022907
3,16,361.25525668
3,16,393.78127049
3,16,333.29522229
3,16,576.1122511
3,16,348.47888733
3,16,564.3066138
3,16,438.25726438
3,16,609.06207337
3,16,468.44639155
3,16,466.30818073
3,16,328.65587949
3,16,328.29526453
3,16,374.67136165
3,16,360.0247137
3,16,702.70703332
3,16,537.57780622
3,16,403.00754495
3,16,562.165007
3,16,503.18681222
3,16,610.61030495
3,16,354.76844182
3,16,301.67957277
3,16,418.19429813
3,16,244.10142773
