3,12, 1.01658144e+08
3,12, 1.78895200e+08
3,12, 7.59849568e+08
3,12, 5.13001262e+08
3,12,81553209.8910598
3,12, 1.92466653e+08
3,12, 1.44149572e+08
3,12, 2.52756197e+09
3,12,39484463.42802584
3,12, 1.21465107e+08
3,12, 1.08783731e+08
3,12,45417681.83850799
3,12,27082192.62210851
3,12,32003259.61073984
3,12, 1.66009774e+08
3,12,18620269.27919353
3,12, 1.63515657e+10
3,12, 2.18404782e+08
3,12,34333898.4252492
3,12,72724709.11055362
3,12,48767996.40692535
3,12, 8.23116328e+08
3,12, 5.46285256e+09
3,12, 1.11830947e+08
3,12,28874244.52242441
3,12, 1.29517186e+08
3,12, 1.42554066e+10
3,12, 6.96547839e+09
3,12,43600418.34024252
3,12,16632611.6911504
