5,2,1806551.74799615
5,2,12933271.32915652
5,2,667108.63170303
5,2,54682483.43962104
5,2,5777243.2387663
5,2,4135415.3272277
5,2,6028954.63231765
5,2,1147259.96392231
5,2,22917976.98638972
5,2,13908776.27434324
5,2,5032858.22266879
5,2,3087917.45956002
5,2,7129933.51249002
5,2,11116221.72508728
5,2,4105990.18403771
5,2,12270819.32031458
5,2,46880412.87226402
5,2,11810469.08216269
5,2,5071244.933747
5,2,11856694.27145264
5,2,55106489.57364566
5,2,8046168.58509767
5,2,59029015.78784169
5,2,41438854.81855633
5,2,49794866.74402598
5,2,31286791.66905187
5,2,33333740.68976473
5,2,5878887.56331221
5,2,381161.99104444
5,2,1778298.89812446
5,2,7634482.40218019
5,2,18590619.94571975
5,2,12978910.06107373
5,2,39095759.50929461
5,2,7720021.61554733
5,2,13198659.94900543
5,2,26458431.91098228
5,2,352248.78201532
5,2,1984535.17136821
5,2,9319925.00178058
5,2,27598608.16044168
5,2,13325265.30132562
5,2,22945432.78357337
5,2,49512228.93577012
5,2,899951.25500373
5,2,2290119.96992645
5,2,15883225.41829716
5,2,427423.919087
5,2,1315129.00462857
5,2,679467.0598259
