5,3,851.46927657
5,3,491.95604933
5,3,256.58039245
5,3,2075.04118833
5,3,433.18321041
5,3,665.32965073
5,3,524.51434497
5,3,580.2895221
5,3,182.44729706
5,3,752.8247988
5,3,586.72297473
5,3,6151.54621799
5,3,4466.34379085
5,3,308.88452895
5,3,602.01400245
5,3,3620.78471155
5,3,220.15324379
5,3,185.95974512
5,3,1680.71060787
5,3,1377.90740492
5,3,475.94371496
5,3,1666.10715762
5,3,570.54120479
5,3,4041.6943147
5,3,303.54431321
5,3,685.97610468
5,3,3564.30918738
5,3,652.82998701
5,3,1896.72866909
5,3,4991.56830341
5,3,546.5715157
5,3,1048.52854816
5,3,670.83873962
5,3,385.94673195
5,3,1193.57981031
5,3,354.15358116
5,3,633.95390291
5,3,520.29749584
5,3,1342.59039172
5,3,611.81815236
5,3,365.43471277
5,3,824.45147072
5,3,835.85874799
5,3,451.98618819
5,3,1419.70454869
5,3,1435.36922165
5,3,1096.49381371
5,3,511.59039639
5,3,323.52389362
5,3,347.20868102
