3,22,691.77513892
3,22,631.88156498
3,22,259.72942404
3,22,894.01778904
3,22,397.37643787
3,22,383.34496578
3,22,1241.81280632
3,22,889.43970923
3,22,761.72878699
3,22,762.68719551
3,22,586.25086898
3,22,768.32738919
3,22,1467.37553134
3,22,134.52834189
3,22,1073.6221591
3,22,331.87344072
3,22,508.3297465
3,22,669.15567102
3,22,86.22004301
3,22,191.57310511
3,22,1606.1970786
3,22,1054.28801666
3,22,514.10182158
3,22,119.42552455
3,22,1336.07938558
3,22,889.67411134
3,22,1584.10850545
3,22,907.68774655
3,22,1151.29532616
3,22,752.55311364
