3,7,404.63497685
3,7,3099.74348161
3,7,259.87660629
3,7,65.26548708
3,7,133.57134538
3,7,400.85208765
3,7,432.71408417
3,7,2219.82328643
3,7,346.39533821
3,7,297.66767423
3,7,1936.08492948
3,7,740.43163874
3,7,84.51194475
3,7,68.85283722
3,7,318.48803836
3,7,2130.78746026
3,7,1226.254005
3,7,632.81108874
3,7,1163.68547644
3,7,208.79174149
3,7,68.75239537
3,7,58.77784617
3,7,365.81804514
3,7,306.72554601
3,7,276.20313776
3,7,981.81632629
3,7,1969.32026821
3,7,296.98429011
3,7,1158.33228192
3,7,988.33149163
