3,9,29728.18814455
3,9,18884.75983221
3,9,33661.91653331
3,9,102904.19707051
3,9,12770.56513483
3,9,7153.09572395
3,9,6119.6854788
3,9,4127.2326652
3,9,9375.18639401
3,9,3054.98854326
3,9,14074.22259856
3,9,24351.28792203
3,9,21072.74888853
3,9,7575.49839295
3,9,3145.72182355
3,9,14986.89131911
3,9,37747.51869114
3,9,13209.81996528
3,9,38764.61243922
3,9,1426.6674485
3,9,44761.72733597
3,9,52758.7972012
3,9,23813.4837503
3,9,10145.99633056
3,9,44888.97302964
3,9,7307.06106819
3,9,1615.58976762
3,9,5963.84383045
3,9,7483.96806898
3,9,10266.28489867
