3,20,128475.18778263
3,20,90655.47576263
3,20,20490.1766855
3,20,203193.19663464
3,20,10059.80023267
3,20,157827.02429406
3,20,10950.87775645
3,20,17475.63696765
3,20,60572.47759728
3,20,34291.19894248
3,20,95333.89102545
3,20,202.13824837
3,20,191922.92600416
3,20,23709.50950034
3,20,27369.29922208
3,20,35951.14695854
3,20,107792.80203724
3,20,172427.08017157
3,20,31831.4679747
3,20,54637.3647909
3,20,56711.53615965
3,20,64706.42993369
3,20,21683.09424411
3,20,58822.27126026
3,20,70560.9028531
3,20,70494.01122247
3,20,9567.35672836
3,20,14010.63779504
3,20,21186.06836177
3,20,18652.27080136
