3,13,2511.05243736
3,13,168.92731259
3,13,677.21679017
3,13,1015.4444154
3,13,329.13974632
3,13,663.10865406
3,13,1190.94351051
3,13,752.79534731
3,13,1094.84897226
3,13,806.62774628
3,13,1155.65822689
3,13,1239.48252633
3,13,1365.93245023
3,13,1125.56264044
3,13,1165.86083496
3,13,1370.72123381
3,13,1241.67593786
3,13,1680.29912259
3,13,1658.37038149
3,13,1245.14667332
3,13,912.82695513
3,13,710.97534339
3,13,800.27243059
3,13,1339.88620452
3,13,266.40351312
3,13,515.49377158
3,13,1506.8888373
3,13,2225.1364925
3,13,1637.54382179
3,13,1427.91276163
