5,14,132.23162323
5,14,41.45904339
5,14,40.51928618
5,14,105.7691519
5,14,68.25180088
5,14,104.49469181
5,14,194.42923082
5,14,105.33573513
5,14,93.92631024
5,14,268.1831187
5,14,162.21178012
5,14,60.63859109
5,14,122.86417159
5,14,46.84387004
5,14,33.4607034
5,14,122.58937758
5,14,153.10766555
5,14,179.39321967
5,14,61.32033626
5,14,0.14778393
5,14,161.66272598
5,14,70.77151671
5,14,13.16467414
5,14,50.89854349
5,14,97.92986688
5,14,117.08417574
5,14,49.58806182
5,14,121.81345598
5,14,122.25535732
5,14,201.69727747
5,14,88.9704093
5,14,44.63553928
5,14,83.88731343
5,14,2.78946077
5,14,64.08374604
5,14,69.83376479
5,14,50.50507753
5,14,143.1266947
5,14,68.57878789
5,14,134.28822933
5,14,134.06944526
5,14,67.63200368
5,14,52.18015812
5,14,65.70136872
5,14,70.21864646
5,14,55.80781231
5,14,47.57525042
5,14,82.91272609
5,14,136.50757786
5,14,111.13456213
