5,10,2416003.18205944
5,10,13948005.0046542
5,10,13252154.60632877
5,10,1607886.176173
5,10,5053992.67136734
5,10,2932681.89289274
5,10,2448220.18920888
5,10,8290465.38647407
5,10,12843028.1750314
5,10,4692348.45076676
5,10,1296103.09257912
5,10,16822338.03340182
5,10,16206956.44563045
5,10,720738.7365895
5,10,2493646.73874016
5,10,13635255.63845818
5,10,19075666.13882061
5,10,13786568.01722175
5,10,4908058.99382009
5,10,10018954.23292406
5,10,4765747.42949511
5,10,19384807.99935943
5,10,10658892.83733781
5,10,15775426.50812434
5,10,5739415.11231751
5,10,238759.32831923
5,10,314077.76429302
5,10,262685.42575683
5,10,8051136.4131058
5,10,7271004.99304628
5,10,15454706.80977352
5,10,8801910.34855895
5,10,20291114.15642697
5,10,2381583.89015806
5,10,18519464.63229834
5,10,11341100.3397646
5,10,16361010.83294618
5,10,2371218.72145345
5,10,4646449.65575048
5,10,32379953.93921539
5,10,2941937.93295039
5,10,855792.10933679
5,10,42302459.85659727
5,10,32087437.75726577
5,10,39275055.66367264
5,10,18398474.96059842
5,10,11581941.49893756
5,10,10116515.79926601
5,10,28955048.15552605
5,10,24222917.35465716
