5,21,25.70426009
5,21,31.63366979
5,21,205.33927214
5,21,70.33442642
5,21,22.0731391
5,21,16.1341568
5,21,74.88879714
5,21,48.84047489
5,21,1.13627814
5,21,33.77685546
5,21,12.27600524
5,21,58.49445123
5,21,62.94207537
5,21,6.63320395
5,21,21.17709025
5,21,87.92214095
5,21,4.84653956
5,21,31.17840086
5,21,6.31508487
5,21,3.95207734
5,21,29.86749908
5,21,102.96504326
5,21,29.24045361
5,21,111.58311326
5,21,24.58970324
5,21,29.14593964
5,21,35.97468138
5,21,25.91238425
5,21,13.92637182
5,21,33.41312016
5,21,11.00685822
5,21,52.00759563
5,21,20.55140018
5,21,22.34308276
5,21,98.07416506
5,21,25.92797294
5,21,78.31488397
5,21,7.53152514
5,21,20.72517271
5,21,13.20511779
5,21,122.1205261
5,21,182.69575373
5,21,23.93126439
5,21,95.13981763
5,21,208.88785088
5,21,5.67757221
5,21,32.83969757
5,21,21.81577599
5,21,76.27153654
5,21,13.21687598
