3,20,77224.18169893
3,20,44167.94550371
3,20,47787.35724695
3,20,59283.51457758
3,20,6083.32466658
3,20,17880.10431943
3,20,19369.28533898
3,20,15015.12994137
3,20,27476.11879193
3,20,14524.84522977
3,20,3813.13570306
3,20,36527.64642863
3,20,26657.95470423
3,20,34463.67018204
3,20,10509.60178222
3,20,1968.15501631
3,20,4909.18889514
3,20,48043.86774231
3,20,6877.34109879
3,20,2083.61721082
3,20,19181.61138598
3,20,48084.06406186
3,20,32569.68875379
3,20,1199.65403771
3,20,19270.60124178
3,20,10237.89818469
3,20,52634.74754789
3,20,58830.84066694
3,20,70612.27261041
3,20,14836.15972602
