3,21,125.20402838
3,21,124.19955067
3,21,133.98288213
3,21,139.72574892
3,21,134.98315456
3,21,173.05367381
3,21,121.08149152
3,21,156.38684388
3,21,141.9724943
3,21,49.16848271
3,21,119.11884647
3,21,155.84559541
3,21,19.90725807
3,21,133.64173225
3,21,25.07880915
3,21,120.62132947
3,21,181.12123001
3,21,109.65680275
3,21,120.1170299
3,21,54.21448798
3,21,89.79855471
3,21,103.04209431
3,21,184.54698386
3,21,131.77401725
3,21,157.85631179
3,21,116.19709532
3,21,124.6879016
3,21,66.10633377
3,21,183.10050404
3,21,77.63455742
