3,7,216.20632259
3,7,338.39528152
3,7,106.8407894
3,7,398.75483158
3,7,331.5756384
3,7,905.35639442
3,7,179.63236476
3,7,1340.67566885
3,7,11.27822826
3,7,531.02685704
3,7,1511.04824242
3,7,288.86834839
3,7,110.0677687
3,7,833.68143688
3,7,39.16848736
3,7,166.93983298
3,7,244.60037479
3,7,137.74831474
3,7,292.38879164
3,7,295.94441263
3,7,503.99191257
3,7,930.86670594
3,7,261.36593748
3,7,488.00982717
3,7,112.87094417
3,7,128.30351461
3,7,334.98005446
3,7,403.34861632
3,7,331.60466171
3,7,56.28358553
