5,8,554094.16990553
5,8,1680.23268819
5,8,31634.39458904
5,8,405326.71306508
5,8,42701.48402811
5,8,336861.87088078
5,8,66470.91115834
5,8,6847.81506306
5,8,361456.91168889
5,8,22126.46062065
5,8,45757.69805808
5,8,22834.29045024
5,8,44955.5094614
5,8,118056.18218632
5,8,34037.8434616
5,8,2203.92293343
5,8,324669.84604656
5,8,14109.95706086
5,8,28116.73946854
5,8,54443.69706443
5,8,131526.06249887
5,8,2714.98490016
5,8,112585.30377236
5,8,62771.70901601
5,8,429945.92385352
5,8,139070.49036677
5,8,25895.30017633
5,8,118582.72699245
5,8,106998.27966018
5,8,597629.63296835
5,8,114570.6465997
5,8,70779.83938555
5,8,31811.34912054
5,8,418230.79735616
5,8,225700.25769996
5,8,447812.24560547
5,8,104563.96903083
5,8,215006.51089036
5,8,23838.72193139
5,8,178291.4885824
5,8,103918.75782293
5,8,585521.53661337
5,8,74491.56132203
5,8,152509.37984525
5,8,40243.18126158
5,8,34714.26358361
5,8,193326.06236635
5,8,28398.35079947
5,8,14825.73571761
5,8,81660.45012497
