3,15,1846.1711945
3,15,134.08766084
3,15,1162.15620171
3,15,1718.73615476
3,15,327.35210834
3,15,1137.05099114
3,15,800.04840997
3,15,920.63707327
3,15,217.13604111
3,15,26.54567007
3,15,44.40502187
3,15,604.55866016
3,15,251.04417004
3,15,153.55004263
3,15,1745.47319521
3,15,370.8972644
3,15,221.9476822
3,15,128.44887838
3,15,982.4480408
3,15,1928.1794292
3,15,56.45386742
3,15,360.49907714
3,15,1963.37818381
3,15,98.62267473
3,15,959.76533524
3,15,2174.00678179
3,15,245.36754745
3,15,815.77783264
3,15,132.29297265
3,15,208.45770996
