3,12,95059923.73408493
3,12,2781364.96052409
3,12,90340756.15828687
3,12,43132978.4322692
3,12,33397391.29015852
3,12,54356141.38961789
3,12,67029848.00415222
3,12,45561379.43001619
3,12,28829835.6454194
3,12,1984117.39578415
3,12,63708723.55033199
3,12,49361417.04552509
3,12,48345875.17347111
3,12, 1.12855221e+08
3,12, 1.18549122e+08
3,12,93920389.78274427
3,12, 1.09160968e+08
3,12,87392924.48954907
3,12,78332011.14304046
3,12,61793455.82810315
3,12,53812192.05499354
3,12,35413819.69301175
3,12, 1.39087520e+08
3,12,11089272.64607454
3,12, 1.31910852e+08
3,12,73752856.9570736
3,12,2643019.82285213
3,12,15759179.82303149
3,12, 1.16178769e+08
3,12,12689247.75989538
