5,9,58678.51558023
5,9,20808.32038456
5,9,31183.62563281
5,9,97269.71696944
5,9,47120.52586382
5,9,269731.76846847
5,9,2795.25769819
5,9,25416.22418941
5,9,29231.44374686
5,9,60455.24472581
5,9,61624.07359913
5,9,7638.19005535
5,9,32410.84799758
5,9,15018.40085066
5,9,49812.77951274
5,9,135990.16928245
5,9,42926.22422177
5,9,44819.59591336
5,9,71531.7454996
5,9,22666.73147803
5,9,96143.62800218
5,9,63725.56560138
5,9,33392.92098908
5,9,19792.07945037
5,9,10509.60051712
5,9,31993.588473
5,9,9002.51087624
5,9,16016.89064543
5,9,242647.41393899
5,9,6082.95643952
5,9,20108.53126388
5,9,37930.38132572
5,9,29887.3265424
5,9,14109.14470973
5,9,18676.8884001
5,9,18956.78036323
5,9,107889.95469091
5,9,80002.2006247
5,9,86444.59376891
5,9,17816.6278506
5,9,52579.57784599
5,9,54685.0274649
5,9,83055.08524177
5,9,47454.52406635
5,9,617.76973739
5,9,100864.38168817
5,9,89046.90610615
5,9,2384.33054039
5,9,127813.7789423
5,9,3868.27628288
