5,24,137.36189398
5,24,3.33913511
5,24,136.51244777
5,24,19.12773343
5,24,81.08651054
5,24,182.27284929
5,24,31.60300127
5,24,67.49338092
5,24,18.43848358
5,24,155.05636266
5,24,39.67368568
5,24,211.2546767
5,24,94.63222605
5,24,36.64800488
5,24,85.3167095
5,24,54.10108199
5,24,65.82219271
5,24,44.24075106
5,24,136.60266808
5,24,61.48729393
5,24,86.94153497
5,24,150.09390004
5,24,100.64105015
5,24,20.58861235
5,24,110.10059746
5,24,57.90682102
5,24,265.26100516
5,24,184.85619649
5,24,207.02927813
5,24,104.05891351
5,24,234.7300029
5,24,145.95900815
5,24,33.72868037
5,24,1.02232171
5,24,33.89530614
5,24,190.13892957
5,24,6.57965527
5,24,39.9363664
5,24,95.74569024
5,24,30.87656909
5,24,21.16308253
5,24,58.80025085
5,24,92.79819933
5,24,51.28857273
5,24,49.17075273
5,24,79.55243314
5,24,116.66735846
5,24,124.65981321
5,24,60.63056377
5,24,32.51286563
