3,17,4.83467445
3,17,54.23513656
3,17,17.78345547
3,17,28.2479977
3,17,43.98693635
3,17,18.40517089
3,17,0.46434095
3,17,37.22358056
3,17,62.2190513
3,17,107.99581168
3,17,9.54908346
3,17,2.38906065
3,17,46.23421258
3,17,63.36442712
3,17,39.09801921
3,17,9.15406095
3,17,9.35986281
3,17,48.05798523
3,17,85.81408963
3,17,29.91398763
3,17,20.73277914
3,17,17.60451349
3,17,18.23089185
3,17,32.73460627
3,17,51.98320824
3,17,15.9632248
3,17,16.73705221
3,17,33.65207713
3,17,52.77836101
3,17,7.27239999
