3,6,19310.97433616
3,6,167534.00037207
3,6,17665.75589881
3,6,33894.41172639
3,6,106167.62343944
3,6,205046.38366271
3,6,186234.17710126
3,6,104508.97982961
3,6,68376.10910443
3,6,43361.48734133
3,6,7605.68487665
3,6,305611.84212311
3,6,164975.54313448
3,6,6512.16077125
3,6,75433.67737129
3,6,53871.46834733
3,6,222482.60727446
3,6,8862.68298923
3,6,8909.74891939
3,6,247824.03329264
3,6,11541.44421438
3,6,184249.64034331
3,6,17939.58671241
3,6,22266.51433526
3,6,34432.70906601
3,6,51785.22871044
3,6,32515.33162105
3,6,37951.33846362
3,6,489679.30481585
3,6,252380.48022327
