3,16,291.66420394
3,16,160.44291454
3,16,98.08295426
3,16,236.2787839
3,16,217.94066656
3,16,188.84228804
3,16,238.20841554
3,16,279.18599039
3,16,15.32928402
3,16,262.35763485
3,16,128.77366392
3,16,242.33383565
3,16,118.27472175
3,16,291.19169133
3,16,311.38243053
3,16,191.17251645
3,16,281.28022611
3,16,140.11647726
3,16,94.81930164
3,16,212.66648973
3,16,176.74871439
3,16,172.25286014
3,16,87.35995223
3,16,102.92872879
3,16,24.09768061
3,16,169.52046752
3,16,67.87827243
3,16,115.89861158
3,16,81.47473881
3,16,219.40882932
