5,14,196.36278182
5,14,50.6887887
5,14,34.42192786
5,14,132.80033558
5,14,272.29295226
5,14,28.37146438
5,14,234.21111793
5,14,62.82435715
5,14,45.91404905
5,14,55.2470527
5,14,53.65058134
5,14,258.92676717
5,14,13.75789205
5,14,49.81336005
5,14,240.66395364
5,14,166.66484481
5,14,70.23187312
5,14,39.52488912
5,14,14.32554186
5,14,16.84479242
5,14,37.43402327
5,14,57.76596941
5,14,54.92633543
5,14,27.4041991
5,14,29.09212686
5,14,82.37816664
5,14,52.71799517
5,14,33.26756154
5,14,9.43160655
5,14,47.32397225
5,14,5.70241439
5,14,40.5851633
5,14,69.05912027
5,14,35.78714941
5,14,84.33714157
5,14,163.98875563
5,14,41.16716557
5,14,26.54826175
5,14,25.87644706
5,14,32.89958707
5,14,36.46064441
5,14,65.03570086
5,14,134.24839164
5,14,72.1212017
5,14,68.39489889
5,14,85.70548092
5,14,167.70017647
5,14,17.02260298
5,14,10.61667536
5,14,21.28614971
