5,12, 1.11244508e+08
5,12, 6.72026778e+08
5,12,81674566.70759003
5,12, 3.81447379e+08
5,12,90269071.93661533
5,12, 3.70423204e+08
5,12, 5.38042033e+08
5,12,3966899.91979114
5,12, 1.86802110e+08
5,12,29168833.35024097
5,12,64037384.8771798
5,12, 1.97289838e+08
5,12, 9.67768744e+08
5,12, 3.14827889e+08
5,12, 2.06078092e+09
5,12, 4.76070992e+08
5,12, 4.36938682e+08
5,12, 4.34295570e+09
5,12, 1.30602252e+09
5,12, 1.34972483e+08
5,12, 2.72945502e+08
5,12, 4.41150720e+09
5,12, 1.79284540e+09
5,12, 1.13462011e+09
5,12,42908121.64619051
5,12, 2.75909911e+08
5,12, 2.31618942e+09
5,12, 5.08944317e+08
5,12,73316106.18657562
5,12,69637903.1557854
5,12, 8.54058069e+08
5,12,90254.65245548
5,12, 2.92377188e+08
5,12,98667536.31607057
5,12, 2.71545996e+08
5,12,54966368.58072893
5,12, 2.26401526e+08
5,12, 1.28103682e+08
5,12,12105841.62316835
5,12, 2.97636463e+08
5,12, 1.25579146e+09
5,12, 1.63239169e+08
5,12, 3.24730746e+08
5,12, 1.76896782e+08
5,12, 2.48115063e+08
5,12, 3.78801844e+08
5,12,92958297.08596265
5,12, 3.27957327e+08
5,12, 1.88662698e+08
5,12, 2.26840563e+08
