3,6,16740.1908041
3,6,30516.91165517
3,6,27415.15653024
3,6,6372.99449571
3,6,412307.75727819
3,6,120130.41470147
3,6,5053.27658025
3,6,106164.26872422
3,6,129226.68735758
3,6,330060.51843444
3,6,7110.23171424
3,6,241451.92864239
3,6,439.27520426
3,6,266444.83746538
3,6,117274.7182307
3,6,46491.00695721
3,6,25767.65651101
3,6,69635.12282605
3,6,4736.80104524
3,6,20369.70295181
3,6,34888.17433408
3,6,258699.8909754
3,6,62498.80843744
3,6,183304.01572499
3,6,7057.20306898
3,6,368875.03519491
3,6,30242.51908554
3,6,123970.78522154
3,6,78391.41361706
3,6,238926.42517492
