5,16,16.20100308
5,16,54.3411475
5,16,7.66888727
5,16,97.40353129
5,16,28.18059757
5,16,2.89534868
5,16,5.12766849
5,16,27.77215172
5,16,12.39021395
5,16,14.70866182
5,16,16.41630607
5,16,46.9118728
5,16,73.75353477
5,16,118.53155603
5,16,32.26155344
5,16,94.17443945
5,16,62.53067188
5,16,137.57269712
5,16,314.37653603
5,16,21.2936971
5,16,4.25944363
5,16,64.47049632
5,16,34.5504287
5,16,160.77827215
5,16,183.33683828
5,16,83.71992568
5,16,71.65390661
5,16,67.18589867
5,16,58.11680249
5,16,135.15355044
5,16,354.78346804
5,16,44.62793371
5,16,57.2302855
5,16,78.54692687
5,16,106.11294728
5,16,42.96449144
5,16,71.37874008
5,16,0.83068478
5,16,155.65287961
5,16,136.47339912
5,16,157.83648989
5,16,9.32426285
5,16,34.6716459
5,16,25.76737041
5,16,44.21363922
5,16,169.5192825
5,16,66.18972487
5,16,103.81872025
5,16,113.02079704
5,16,32.45818887
