3,21,275.00013623
3,21,186.43993315
3,21,139.88117724
3,21,163.36744989
3,21,214.96283981
3,21,222.38599209
3,21,162.67644165
3,21,169.85716218
3,21,273.71429844
3,21,250.24520716
3,21,265.60184583
3,21,262.75403532
3,21,134.14078583
3,21,196.55588133
3,21,246.24281267
3,21,215.85871178
3,21,195.41843945
3,21,239.5157077
3,21,185.99544453
3,21,245.77131184
3,21,230.52610475
3,21,176.71812074
3,21,246.22567271
3,21,244.61865397
3,21,184.96402783
3,21,233.59385443
3,21,174.52823472
3,21,131.853299
3,21,169.12419457
3,21,239.56538822
