3,7,1024.19692216
3,7,1064.05994823
3,7,958.44797553
3,7,1618.96832528
3,7,592.89534947
3,7,1244.56500452
3,7,979.35428413
3,7,1137.64325655
3,7,636.66858421
3,7,1643.20372231
3,7,188.77712029
3,7,1095.49898789
3,7,1688.54850776
3,7,1546.09048485
3,7,956.00102439
3,7,930.55215581
3,7,939.56999113
3,7,453.63107524
3,7,1170.42319394
3,7,616.31909539
3,7,867.24255067
3,7,1023.31503249
3,7,1233.84565969
3,7,1007.05348935
3,7,1494.21820774
3,7,1115.47088266
3,7,931.72577722
3,7,623.90641392
3,7,792.9084964
3,7,699.73123009
