5,23,26.15324935
5,23,29.3786596
5,23,27.94546484
5,23,47.81745249
5,23,2.1872624
5,23,7.53286366
5,23,51.49318336
5,23,0.25847432
5,23,18.86573065
5,23,19.56283741
5,23,34.57966862
5,23,24.50070538
5,23,0.95512629
5,23,5.80076817
5,23,33.92648334
5,23,19.54334075
5,23,12.52814888
5,23,48.06821199
5,23,28.20966983
5,23,15.28862612
5,23,30.03876699
5,23,31.10412108
5,23,39.12300081
5,23,20.56176669
5,23,24.64226774
5,23,9.50079757
5,23,1.9137908
5,23,2.38306447
5,23,10.28188326
5,23,13.28981217
5,23,6.92735652
5,23,6.97958578
5,23,10.57835296
5,23,24.33227591
5,23,22.48603268
5,23,11.88904692
5,23,0.42299697
5,23,16.00825413
5,23,28.91563854
5,23,33.12583723
5,23,24.18364809
5,23,23.75330959
5,23,15.49039066
5,23,30.75654007
5,23,18.64325598
5,23,20.96755727
5,23,5.57526421
5,23,18.7467177
5,23,13.19267887
5,23,1.49677998
