5,7,1085.13552727
5,7,162.12976411
5,7,1095.71851546
5,7,1059.61501391
5,7,424.86676463
5,7,1373.2738842
5,7,389.88478037
5,7,1254.94786318
5,7,499.45849651
5,7,788.90147786
5,7,729.98432409
5,7,173.85614994
5,7,756.89970407
5,7,1182.28404094
5,7,271.3754688
5,7,1623.80871659
5,7,701.4469103
5,7,1698.41764013
5,7,1407.18607542
5,7,2115.44648469
5,7,586.38437102
5,7,1254.19547496
5,7,844.74119857
5,7,849.07059844
5,7,154.71247171
5,7,1186.09236445
5,7,1174.91468675
5,7,1109.57133493
5,7,488.41630484
5,7,387.6355854
5,7,585.99939664
5,7,1228.54511907
5,7,640.26320537
5,7,769.23607382
5,7,1218.96580727
5,7,705.23864352
5,7,1655.3066801
5,7,1530.98875508
5,7,1246.88413172
5,7,1225.30924538
5,7,1487.28056479
5,7,775.04094279
5,7,1532.236631
5,7,1403.27194603
5,7,1244.01811255
5,7,711.58283527
5,7,934.3191306
5,7,556.7050531
5,7,1139.02501298
5,7,263.64886649
