3,14,904.50262946
3,14,1045.61105408
3,14,988.72687953
3,14,842.10990358
3,14,919.5816394
3,14,965.94693886
3,14,898.73457436
3,14,707.37491847
3,14,979.6938988
3,14,1000.21531652
3,14,1038.1127069
3,14,1048.80276471
3,14,932.22628333
3,14,909.96742651
3,14,1028.79588568
3,14,900.79768198
3,14,839.07746772
3,14,1003.60571939
3,14,1027.37400793
3,14,1042.99372925
3,14,1045.23952828
3,14,780.53897843
3,14,820.36834637
3,14,1008.22540773
3,14,967.7940638
3,14,1032.21579731
3,14,994.50472129
3,14,969.95130552
3,14,991.73349712
3,14,1002.10701951
