3,6,270072.27202396
3,6,55512.89787574
3,6,409064.03681992
3,6,170779.35969381
3,6,29125.97528091
3,6,30027.2540922
3,6,11628.75549194
3,6,109124.68703975
3,6,63683.21225072
3,6,42750.48724768
3,6,12970.78560612
3,6,95598.35754331
3,6,15194.28509926
3,6,252743.01654671
3,6,3844.2868779
3,6,38299.52887078
3,6,31123.69264545
3,6,3184.76793563
3,6,17178.18141905
3,6,9770.7503173
3,6,4335.07014835
3,6,23619.49678878
3,6,19490.18280051
3,6,180249.86148941
3,6,63571.57636459
3,6,40570.74875918
3,6,12935.8644697
3,6,9382.15376961
3,6,73246.29748824
3,6,15421.99219216
