5,22,1593.21367411
5,22,983.41821248
5,22,1052.14358204
5,22,1798.2326463
5,22,748.52293844
5,22,553.50477848
5,22,1186.20723632
5,22,910.91350845
5,22,1100.32527237
5,22,372.60989633
5,22,459.00319212
5,22,2425.6665708
5,22,411.7226292
5,22,1217.41424051
5,22,438.70408197
5,22,975.79263558
5,22,279.25155534
5,22,515.17366343
5,22,433.92076039
5,22,1095.47639752
5,22,574.58093185
5,22,1208.13804496
5,22,1083.99747831
5,22,849.29744186
5,22,912.06290556
5,22,1535.65356915
5,22,191.43213672
5,22,2716.43541715
5,22,493.63214752
5,22,788.59785515
5,22,786.34512449
5,22,727.0590396
5,22,2015.42501494
5,22,352.59993864
5,22,169.81782293
5,22,921.67640792
5,22,218.54042361
5,22,253.64657553
5,22,572.24802338
5,22,1100.16771981
5,22,151.03152686
5,22,322.26166077
5,22,199.80799194
5,22,1280.23327343
5,22,639.04950644
5,22,1149.14140453
5,22,245.12421178
5,22,637.77706799
5,22,1239.69305277
5,22,716.00672009
