5,2,5691197.28527875
5,2,16494506.79629969
5,2,10692724.20780015
5,2,7294900.35310989
5,2,1664707.83641127
5,2,21785924.03832202
5,2,1865169.89641194
5,2,25904219.17865448
5,2,7888758.91920477
5,2,1029474.25082725
5,2,7866324.38466906
5,2,46198730.9950801
5,2,23522353.63643051
5,2,3208122.2582252
5,2,16661756.73715935
5,2,48756509.14808777
5,2,2552373.53660527
5,2,17204614.37423845
5,2,3555800.5439136
5,2,39538942.68530758
5,2,3599862.45293887
5,2,8458875.11016917
5,2,29068514.67896748
5,2,25990373.6390593
5,2,2802671.39649197
5,2,20669581.41501216
5,2,6810472.63343802
5,2,20780182.69356597
5,2,712820.70381758
5,2,29309238.86954699
5,2,7267473.71368046
5,2,5944756.90325682
5,2,31993805.7521033
5,2,28084198.68002785
5,2,8011466.17126164
5,2,784690.62820022
5,2,3324049.44798229
5,2,2793823.12954328
5,2,194208.4782193
5,2,4454420.72758086
5,2,4149442.41541652
5,2,4561765.18961278
5,2,6152425.14636798
5,2,4977812.97678971
5,2,5243830.18065806
5,2,367715.88889322
5,2,13383818.31032118
5,2,4431134.47131778
5,2,12960736.38561704
5,2,40442758.40150926
