5,19,51.861623
5,19,196.85606729
5,19,195.11350308
5,19,89.92395031
5,19,65.61635828
5,19,206.26739552
5,19,91.60200633
5,19,163.32906326
5,19,45.21831072
5,19,128.46114948
5,19,78.49892799
5,19,165.11545372
5,19,49.23107253
5,19,104.4722453
5,19,55.6292634
5,19,112.15277003
5,19,181.27616362
5,19,89.85618629
5,19,127.05930884
5,19,50.57704052
5,19,39.60871766
5,19,69.02811821
5,19,93.2646651
5,19,78.89910251
5,19,55.64510292
5,19,153.95346992
5,19,31.71313029
5,19,53.07883828
5,19,121.77135592
5,19,135.1000746
5,19,127.42836568
5,19,19.77835925
5,19,76.82273425
5,19,97.26076469
5,19,68.04345128
5,19,44.11982655
5,19,85.61539402
5,19,28.96461943
5,19,78.51563657
5,19,115.32753912
5,19,95.51639279
5,19,76.83775146
5,19,65.32445491
5,19,239.15973989
5,19,80.14759093
5,19,43.89534313
5,19,73.6692709
5,19,161.74024957
5,19,19.82351832
5,19,53.9512734
