3,20,821.12468786
3,20,11115.15531685
3,20,1474.42788421
3,20,14974.05838525
3,20,5100.31095062
3,20,99707.31750693
3,20,8284.56469791
3,20,22957.75378187
3,20,25252.97003285
3,20,31388.42975194
3,20,35570.42493143
3,20,5327.0760871
3,20,1693.53854922
3,20,10054.65074215
3,20,2652.77759417
3,20,3116.69128604
3,20,23371.01406142
3,20,3993.06788496
3,20,3607.7847755
3,20,98674.88423535
3,20,90368.84567266
3,20,18369.76105605
3,20,123081.45736157
3,20,520.66902031
3,20,1237.65522953
3,20,323.41267604
3,20,23261.55955522
3,20,7553.78251094
3,20,58045.9423168
3,20,64664.38758646
