3,6,145626.71972753
3,6,32770.76876798
3,6,5645.19945749
3,6,128549.62281363
3,6,45307.44047947
3,6,144501.41155343
3,6,3783.30950725
3,6,16596.44668003
3,6,38021.29462478
3,6,28667.61368836
3,6,60806.59312227
3,6,352828.94529276
3,6,279769.74502836
3,6,12278.89078847
3,6,91232.49985498
3,6,300435.85012496
3,6,95651.04890616
3,6,266293.73069156
3,6,22616.34221494
3,6,309043.79666843
3,6,907.44859638
3,6,80771.01641584
3,6,81650.35465628
3,6,154017.21282586
3,6,284779.03135006
3,6,5806.71117682
3,6,4639.40213971
3,6,221229.64219121
3,6,202825.07441211
3,6,32864.00826405
