3,10,6210250.08305845
3,10,493217.00811419
3,10,47273619.55339792
3,10,4879296.68730322
3,10,3516757.45594573
3,10,35228079.71357922
3,10,13000666.94160358
3,10,380213.33346783
3,10,5008008.07699582
3,10,2181396.08787698
3,10,1380945.39513432
3,10,476088.3108222
3,10,1356965.34788149
3,10,2675950.24265002
3,10,4165673.55853436
3,10,791091.60512674
3,10,387958.43075008
3,10,3953815.48266567
3,10,7518955.0983119
3,10,1340704.13667627
3,10,3356367.73049826
3,10,421458.37516002
3,10,7813403.48311326
3,10,1003142.88266147
3,10,1076323.67733985
3,10,840266.41050579
3,10,3118532.35340125
3,10,6924067.82254294
3,10,4271769.12947507
3,10,1309170.99960141
