3,16,87.3514397
3,16,365.75288773
3,16,230.63283916
3,16,94.00118191
3,16,91.32692575
3,16,289.19753605
3,16,0.81530678
3,16,137.61596622
3,16,110.77399024
3,16,6.7243743
3,16,102.2869735
3,16,194.87779735
3,16,51.1766594
3,16,120.77914919
3,16,282.73468498
3,16,51.9906214
3,16,6.71160804
3,16,127.90742419
3,16,133.21284388
3,16,146.15839765
3,16,274.40061625
3,16,2.5510889
3,16,223.60289107
3,16,189.86076429
3,16,235.9942532
3,16,382.90851699
3,16,116.52483097
3,16,50.41015788
3,16,156.73327531
3,16,145.95228214
