5,12,2287555.70195422
5,12, 1.05786700e+08
5,12,40676537.10941543
5,12, 2.42349770e+08
5,12, 2.06956970e+08
5,12, 3.07207171e+08
5,12, 5.79818744e+09
5,12, 3.73589244e+08
5,12, 3.13183369e+08
5,12,9332455.96855451
5,12,37059454.69690402
5,12,73782697.62793465
5,12,67475261.82038702
5,12,15541120.69543194
5,12,72757433.06083484
5,12,16237471.11030084
5,12,60477620.0061577
5,12, 1.13727119e+09
5,12, 6.46282731e+08
5,12, 3.85366515e+08
5,12,9533216.22406994
5,12,71657735.70133148
5,12, 4.22430660e+08
5,12,9425457.97467389
5,12, 2.71496105e+08
5,12, 6.64087989e+08
5,12, 1.45157275e+08
5,12, 7.43282412e+08
5,12, 4.51383836e+08
5,12, 1.81234780e+09
5,12, 1.97787832e+08
5,12, 1.15556877e+08
5,12, 3.71057681e+08
5,12, 2.40608900e+08
5,12,59594989.04899354
5,12, 7.29375930e+08
5,12, 1.21400754e+08
5,12, 1.03765504e+09
5,12, 1.61296468e+09
5,12, 4.25482156e+08
5,12, 1.24222811e+08
5,12,87723122.52682924
5,12,17600865.40791649
5,12,56319737.4314944
5,12,11367871.31037523
5,12, 2.88899549e+08
5,12, 1.27556201e+08
5,12, 1.92402252e+09
5,12,24232990.69214872
5,12, 1.23009178e+08
