3,13,874.59368225
3,13,1091.60709165
3,13,1208.10910154
3,13,2080.56612723
3,13,893.53199688
3,13,3090.34785059
3,13,9.85982257
3,13,304.83190223
3,13,1093.62826804
3,13,2328.87730314
3,13,1529.85119852
3,13,1275.99061626
3,13,981.33490045
3,13,982.7489548
3,13,1463.56804807
3,13,3150.00608588
3,13,285.26183851
3,13,225.64070058
3,13,696.78648092
3,13,864.66989303
3,13,828.43574959
3,13,8.02533064
3,13,1116.90846178
3,13,1663.69105993
3,13,1425.95440994
3,13,705.08220214
3,13,145.71404607
3,13,501.13086227
3,13,1154.25830757
3,13,996.75932325
