5,16,250.04967189
5,16,69.08498199
5,16,12.11931418
5,16,212.50176584
5,16,34.79952934
5,16,24.20916991
5,16,168.4244514
5,16,13.62440376
5,16,14.41008956
5,16,121.6887813
5,16,19.70179309
5,16,71.40247936
5,16,116.54527862
5,16,36.30158586
5,16,0.92759704
5,16,100.60452582
5,16,17.09680571
5,16,72.38047687
5,16,31.68757385
5,16,27.69007024
5,16,224.49789692
5,16,121.16978873
5,16,115.77970571
5,16,24.91190645
5,16,105.37622956
5,16,83.58245806
5,16,105.97421051
5,16,158.16571112
5,16,34.68287772
5,16,86.45529547
5,16,24.31515824
5,16,204.79494573
5,16,116.39694781
5,16,144.51484353
5,16,145.22288996
5,16,194.23531583
5,16,193.02380506
5,16,111.26837603
5,16,59.51822433
5,16,65.09525626
5,16,195.88031232
5,16,99.64325647
5,16,215.85997332
5,16,38.59472205
5,16,82.79160492
5,16,87.79621438
5,16,68.81171883
5,16,195.06035252
5,16,57.43463449
5,16,106.65166676
