3,24,34.39906388
3,24,42.20288177
3,24,128.86350695
3,24,138.60269277
3,24,40.73723621
3,24,115.5882533
3,24,23.39696998
3,24,142.72466547
3,24,50.9729155
3,24,39.06604792
3,24,14.38739337
3,24,91.8055136
3,24,6.41102824
3,24,16.02064056
3,24,20.02343419
3,24,51.78107466
3,24,79.95578014
3,24,5.23929808
3,24,58.93989915
3,24,21.61856703
3,24,41.67318088
3,24,45.36242839
3,24,13.58339832
3,24,59.18661404
3,24,11.88124869
3,24,17.173338
3,24,4.9072047
3,24,150.80568926
3,24,46.91865171
3,24,71.93596953
