5,16,148.40998277
5,16,241.55010373
5,16,188.45885031
5,16,180.53243488
5,16,40.48915795
5,16,73.85699479
5,16,104.49941566
5,16,76.76436786
5,16,102.14908342
5,16,197.39628258
5,16,132.97504887
5,16,171.30214958
5,16,95.06673461
5,16,127.26809159
5,16,16.78604516
5,16,50.45343174
5,16,232.30131977
5,16,119.44726627
5,16,118.61469067
5,16,36.20309126
5,16,122.51923682
5,16,0.80795767
5,16,95.48600013
5,16,70.87059993
5,16,264.84247994
5,16,17.49306198
5,16,107.21184121
5,16,89.7199933
5,16,67.83578485
5,16,16.62027214
5,16,116.59398026
5,16,172.2851353
5,16,6.07645549
5,16,100.47808427
5,16,55.75326851
5,16,163.72141381
5,16,92.28839014
5,16,38.86887076
5,16,35.05824527
5,16,253.43346558
5,16,136.37608921
5,16,74.05399137
5,16,53.35199427
5,16,77.03846553
5,16,30.34446774
5,16,60.53255957
5,16,80.78684304
5,16,139.8313034
5,16,57.78938632
5,16,181.12516329
