3,8,373.38858991
3,8,9404.61527799
3,8,1720.33289371
3,8,49674.11146478
3,8,85724.95774327
3,8,11916.23776359
3,8,3167.08836798
3,8,27163.64754368
3,8,181949.87324098
3,8,46101.11812996
3,8,103209.30918624
3,8,1235.23620218
3,8,2662.88196966
3,8,66189.00265775
3,8,34076.69352938
3,8,60488.83269061
3,8,191169.00616912
3,8,38697.68505868
3,8,148171.58896372
3,8,82185.60926532
3,8,149757.63522808
3,8,31612.56392892
3,8,5586.53372254
3,8,2043.69385493
3,8,25875.70912914
3,8,16369.26367696
3,8,11651.28362315
3,8,35711.42146755
3,8,139938.27292092
3,8,124978.91625336
