3,7,1175.87889148
3,7,429.41731009
3,7,619.18015037
3,7,1079.66402617
3,7,999.95494424
3,7,121.85846261
3,7,204.42898741
3,7,104.99628236
3,7,778.46121623
3,7,791.07172918
3,7,110.4892376
3,7,448.67973815
3,7,166.57072877
3,7,6038.11150472
3,7,3539.84703746
3,7,424.94255532
3,7,476.79539353
3,7,829.05546495
3,7,1067.86929945
3,7,123.85153303
3,7,134.50481509
3,7,137.1532389
3,7,918.16746385
3,7,118.89305531
3,7,611.76826204
3,7,629.30602598
3,7,289.74918353
3,7,1273.68369062
3,7,89.87304141
3,7,71.18509177
