3,2,16023760.43224821
3,2,16286023.77579835
3,2,13232609.47526559
3,2,3317798.31751785
3,2,3196583.94980788
3,2,1695569.74668261
3,2,46268672.45268943
3,2,17965943.00123445
3,2,1776507.41853763
3,2,1301410.85832276
3,2,14453335.48718989
3,2,19904894.9747261
3,2,6928843.19901584
3,2,11828499.77229705
3,2,38079823.29771846
3,2,22613251.87366867
3,2,42471420.70881307
3,2,3532928.14348449
3,2,10163336.03385922
3,2,650645.55612342
3,2,10887322.74469662
3,2,9818344.91226439
3,2,17666301.0614764
3,2,18895139.8392217
3,2,34232090.4268075
3,2,870008.30303146
3,2,24174720.88056367
3,2,2537288.98610417
3,2,13256947.17293347
3,2,13538343.9345457
