5,7,1105.56446877
5,7,1373.29484972
5,7,769.7469846
5,7,1105.20970298
5,7,1023.65892437
5,7,910.09322395
5,7,986.62898461
5,7,320.35241772
5,7,1024.72932422
5,7,663.49065299
5,7,1109.70577116
5,7,1868.37100393
5,7,1489.34761262
5,7,920.6933089
5,7,1239.57940448
5,7,665.34885595
5,7,1525.83804105
5,7,340.71558362
5,7,21.38712803
5,7,941.68163687
5,7,908.63588903
5,7,358.71094905
5,7,582.75695892
5,7,652.47054916
5,7,1203.72505556
5,7,1273.63718712
5,7,460.88735248
5,7,771.42653506
5,7,681.2766131
5,7,1645.30369482
5,7,997.25809192
5,7,2489.97547389
5,7,1981.14098724
5,7,1115.98497633
5,7,1171.28413479
5,7,1047.72563396
5,7,831.63014013
5,7,1400.85758144
5,7,1238.49747456
5,7,338.96450479
5,7,1286.49025516
5,7,971.08302021
5,7,1211.26293969
5,7,1414.62452629
5,7,510.52514877
5,7,428.52907604
5,7,919.23929915
5,7,201.07113658
5,7,955.46515892
5,7,759.11045792
