5,14,572.25787217
5,14,26.63689815
5,14,26.63488576
5,14,110.73527072
5,14,38.42215183
5,14,56.3321861
5,14,43.84571237
5,14,115.46352838
5,14,30.61152317
5,14,102.65161502
5,14,208.6680794
5,14,262.99355469
5,14,186.52628937
5,14,150.87290899
5,14,961.28102828
5,14,111.36954513
5,14,63.40532167
5,14,77.29007264
5,14,68.38198134
5,14,162.74199527
5,14,1.53430057
5,14,23.51928984
5,14,69.11311596
5,14,210.87508483
5,14,57.87416533
5,14,5.33980951
5,14,29.00636123
5,14,68.9020274
5,14,106.90553594
5,14,235.6462036
5,14,48.29211357
5,14,117.82404593
5,14,61.16069357
5,14,42.28709907
5,14,177.24289427
5,14,48.4997144
5,14,30.4113151
5,14,49.82618428
5,14,16.94186775
5,14,21.79886067
5,14,41.50594383
5,14,17.85926082
5,14,7.11306743
5,14,146.48338354
5,14,49.70278208
5,14,200.78591968
5,14,434.83692452
5,14,85.64449201
5,14,138.36168525
5,14,213.0075002
