3,21,68.96159158
3,21,38.44725928
3,21,47.81436038
3,21,60.63569863
3,21,12.31759977
3,21,73.71538932
3,21,61.6346054
3,21,50.90678553
3,21,170.79808474
3,21,142.76292352
3,21,41.99839239
3,21,66.69827172
3,21,63.54801278
3,21,53.9811118
3,21,90.10007969
3,21,120.1340626
3,21,46.2576709
3,21,96.55811487
3,21,107.43299673
3,21,16.53538543
3,21,55.4850227
3,21,37.1382723
3,21,52.95825018
3,21,115.13828416
3,21,61.83043398
3,21,82.7964588
3,21,76.64874658
3,21,43.891368
3,21,107.22960933
3,21,73.78775074
