3,21,857.46389934
3,21,871.60786955
3,21,888.78151129
3,21,929.26126722
3,21,963.2643997
3,21,867.97559428
3,21,888.77584224
3,21,841.98800322
3,21,907.77877234
3,21,818.48260455
3,21,862.80608347
3,21,918.67235831
3,21,893.33352179
3,21,946.75931654
3,21,881.5889323
3,21,847.06368163
3,21,903.30936302
3,21,857.28915919
3,21,940.58103344
3,21,854.52782082
3,21,851.69595179
3,21,889.35724142
3,21,867.62241737
3,21,942.85164865
3,21,887.55828344
3,21,882.09875487
3,21,813.5816182
3,21,968.53367307
3,21,819.83355924
3,21,894.5926185
