3,10,17820224.7285137
3,10,7626228.67931518
3,10,6224505.79751437
3,10,5063177.8420068
3,10,4821053.04721065
3,10,6701843.33038395
3,10,16050152.29344706
3,10,876124.84998232
3,10,371281.02140486
3,10,74219314.80593508
3,10,18524548.04762319
3,10,55561698.55433282
3,10,13461224.30915601
3,10,61232045.90962103
3,10,24612.77270308
3,10,8524558.3406797
3,10,5074402.92890023
3,10,647918.1332725
3,10,8968546.55965985
3,10,201272.49236428
3,10,966592.59647365
3,10,7735909.79020579
3,10,77265063.48712654
3,10,9264260.84178478
3,10,57365083.57870376
3,10,488544.50178815
3,10,4470345.90701184
3,10,3610771.90836312
3,10,20506932.1458101
3,10,3072760.82897717
