5,19,99.55731243
5,19,6.90569136
5,19,31.66240028
5,19,29.1042302
5,19,9.27329072
5,19,29.85852936
5,19,51.28889354
5,19,20.25551293
5,19,26.56768305
5,19,4.89957733
5,19,53.58305858
5,19,34.57397725
5,19,29.2246024
5,19,0.14141579
5,19,44.59378966
5,19,76.39322442
5,19,38.29900721
5,19,5.17156847
5,19,48.50987661
5,19,41.17975815
5,19,77.02525069
5,19,51.30919286
5,19,73.67863427
5,19,63.49982832
5,19,127.04199431
5,19,26.07844766
5,19,41.09848943
5,19,40.55186923
5,19,248.83296363
5,19,3.8461631
5,19,14.65434999
5,19,41.88645001
5,19,10.63550235
5,19,23.87209394
5,19,51.22186156
5,19,74.03601189
5,19,54.01051901
5,19,37.64311486
5,19,85.39219811
5,19,32.5965567
5,19,40.58894262
5,19,45.56822485
5,19,33.00005922
5,19,170.62655562
5,19,39.209452
5,19,90.09914503
5,19,13.17726352
5,19,28.60912645
5,19,71.02900539
5,19,28.68298463
