3,14,67.78846293
3,14,177.85767445
3,14,115.59567114
3,14,46.71741696
3,14,117.12606663
3,14,120.88681719
3,14,226.70575112
3,14,393.5564052
3,14,506.77973625
3,14,110.75087371
3,14,209.75033818
3,14,8.29088187
3,14,357.45049978
3,14,66.9792263
3,14,193.15763316
3,14,803.85835656
3,14,318.78746518
3,14,233.61321212
3,14,75.80072489
3,14,70.94870512
3,14,131.89403996
3,14,89.80649839
3,14,93.70901959
3,14,7.30133326
3,14,8.3696653
3,14,340.08879116
3,14,90.32438949
3,14,335.60014082
3,14,48.40576196
3,14,57.04910988
