3,20,18938.77709132
3,20,59194.88872649
3,20,66266.54718929
3,20,10598.16356927
3,20,46689.36623893
3,20,12853.24549798
3,20,63024.60004021
3,20,2283.45455144
3,20,4529.8915716
3,20,95686.04137888
3,20,5537.83020659
3,20,45250.7586839
3,20,5476.47653753
3,20,8890.47891528
3,20,17462.45791539
3,20,7381.35329491
3,20,13177.6956008
3,20,4934.98124429
3,20,5020.77840524
3,20,39.539837
3,20,18163.13811332
3,20,6666.49822676
3,20,4825.38073673
3,20,1297.18429518
3,20,81475.50693558
3,20,36048.90153483
3,20,21808.37197658
3,20,9885.19331281
3,20,16424.60549177
3,20,6021.26689648
