5,19,956.59929927
5,19,968.83455598
5,19,963.65720584
5,19,911.7462409
5,19,936.14480012
5,19,906.99497457
5,19,905.58917265
5,19,818.17992978
5,19,933.95646463
5,19,962.18064223
5,19,959.07971586
5,19,963.19931607
5,19,950.4688512
5,19,903.78226741
5,19,978.86950973
5,19,957.52173353
5,19,903.14968924
5,19,955.16024598
5,19,975.30247352
5,19,964.44196155
5,19,943.63373019
5,19,946.76406387
5,19,830.23675572
5,19,932.00987067
5,19,928.10325624
5,19,943.03737221
5,19,951.56512233
5,19,976.07417581
5,19,920.00064308
5,19,893.96552219
5,19,911.30672705
5,19,941.55736931
5,19,960.74015124
5,19,954.39824798
5,19,973.03436893
5,19,924.91986585
5,19,905.89887347
5,19,963.1277417
5,19,943.82251294
5,19,874.58370954
5,19,920.86093403
5,19,949.07450196
5,19,911.38593523
5,19,939.03334453
5,19,961.39593163
5,19,838.08593546
5,19,907.55839892
5,19,863.50040912
5,19,804.70682558
5,19,932.85618292
