5,14,709.96970643
5,14,86.54289868
5,14,476.97901984
5,14,826.78314642
5,14,871.89394086
5,14,1319.21737308
5,14,696.28841288
5,14,997.79560226
5,14,131.40855165
5,14,860.57448364
5,14,431.77887755
5,14,959.3038431
5,14,870.05269613
5,14,833.46167296
5,14,181.96209169
5,14,1242.47654515
5,14,1143.99473042
5,14,87.15875058
5,14,182.9732472
5,14,1145.70791514
5,14,807.28009785
5,14,146.20960237
5,14,774.66325109
5,14,1024.35616329
5,14,998.45387534
5,14,1164.65876705
5,14,766.95871544
5,14,1083.30804724
5,14,930.58695183
5,14,980.60560962
5,14,905.64607555
5,14,1141.20541514
5,14,953.810406
5,14,927.87733466
5,14,667.03465224
5,14,939.93034383
5,14,1008.60532387
5,14,962.56796956
5,14,977.77604744
5,14,147.86194904
5,14,564.59776116
5,14,1191.56874218
5,14,761.67049989
5,14,924.79887909
5,14,969.79255277
5,14,497.05631963
5,14,968.82824193
5,14,921.72501871
5,14,1008.62258632
5,14,857.6232169
