3,11,3015963.5022343
3,11,2952821.39628516
3,11,22938022.76870526
3,11,5927267.82800433
3,11,697916.3183501
3,11,27622158.25814207
3,11,22069558.05221817
3,11,8196643.21302036
3,11,50094963.15999343
3,11,6147812.55859768
3,11,5837006.97741329
3,11,509226.73116025
3,11,17886507.50803856
3,11,1199066.57761603
3,11,18685468.96677656
3,11,3073934.21988807
3,11,10285804.53049796
3,11,8442685.87947041
3,11,9869601.86313599
3,11,166913.05057755
3,11,12539612.75447572
3,11,2678669.03577837
3,11,1124401.02652935
3,11,288570.77106125
3,11,16911728.35943507
3,11,4675019.69814388
3,11,43626710.7023194
3,11,2547596.04557247
3,11,8823185.0373623
3,11,20476333.6895435
