5,5,63.14861295
5,5,75.09872448
5,5,7.87373135
5,5,61.79649063
5,5,26.99366314
5,5,25.83465913
5,5,111.39709823
5,5,36.131184
5,5,19.97046125
5,5,8.19589396
5,5,18.31295721
5,5,31.68135833
5,5,9.63289585
5,5,23.95634706
5,5,17.0006997
5,5,48.54498727
5,5,79.87808349
5,5,15.1410384
5,5,21.03584196
5,5,64.42190412
5,5,28.06216005
5,5,70.90744954
5,5,61.91902047
5,5,66.71668975
5,5,5.02619254
5,5,47.40073678
5,5,85.61600579
5,5,8.94541814
5,5,83.93277357
5,5,31.91914189
5,5,88.74916974
5,5,41.09648787
5,5,15.31192132
5,5,10.41075473
5,5,18.23654774
5,5,8.46596602
5,5,52.70057068
5,5,23.1811576
5,5,8.80229719
5,5,19.6543915
5,5,29.52290472
5,5,9.49071032
5,5,6.11599606
5,5,12.43302381
5,5,10.55722947
5,5,47.79124293
5,5,61.35810802
5,5,52.63974455
5,5,21.70875008
5,5,76.1206439
