3,8,6065.80813208
3,8,11948.39316659
3,8,54866.62203958
3,8,33453.07569943
3,8,11221.99651647
3,8,75548.70287238
3,8,436.91282704
3,8,50583.09217092
3,8,3424.85463439
3,8,37016.06401377
3,8,42602.14932985
3,8,65021.01601941
3,8,6523.32918918
3,8,169.56946732
3,8,8172.64542299
3,8,28450.67595096
3,8,210605.62218479
3,8,150345.99649965
3,8,44918.57598454
3,8,21390.64666611
3,8,1134.51362737
3,8,49109.34180576
3,8,12875.04482059
3,8,1157.2162337
3,8,1326.23300796
3,8,5460.64776174
3,8,2310.50514939
3,8,1497.28942374
3,8,28999.56108286
3,8,2715.4451746
