5,17,168.89388818
5,17,161.21084931
5,17,144.64230489
5,17,128.18175451
5,17,174.85120096
5,17,195.8072016
5,17,169.67977516
5,17,150.44617431
5,17,153.80928938
5,17,154.35148147
5,17,178.94931475
5,17,166.0532756
5,17,187.31171545
5,17,146.87113705
5,17,154.6820337
5,17,135.94338652
5,17,133.44276931
5,17,153.15378709
5,17,109.10420741
5,17,128.740583
5,17,124.68971578
5,17,146.27055956
5,17,145.1164357
5,17,86.043428
5,17,137.46786755
5,17,149.83626967
5,17,173.17440187
5,17,151.35663185
5,17,136.89003225
5,17,176.96128602
5,17,166.97615028
5,17,153.84806948
5,17,192.80995724
5,17,212.60983085
5,17,138.99214322
5,17,178.54073536
5,17,186.98698112
5,17,104.65817008
5,17,131.2300691
5,17,159.35171237
5,17,132.84042676
5,17,144.6816682
5,17,136.74306652
5,17,141.11696179
5,17,152.19572585
5,17,141.42194484
5,17,161.93807507
5,17,119.66977748
5,17,163.33175826
5,17,189.90596691
