5,11,10867039.7104984
5,11,4166160.39380827
5,11,8479510.73714421
5,11,15308190.53872493
5,11,10597934.15756676
5,11,17732763.86599528
5,11,31940914.49627129
5,11,1882401.14823918
5,11,2873428.15979025
5,11,42214509.81156318
5,11,4156284.94694876
5,11,1348545.65039339
5,11,18209326.31489272
5,11,26655326.47953533
5,11,11702419.16875288
5,11,160861.17138817
5,11,2369082.69707518
5,11,6600089.5270026
5,11,9416909.68972023
5,11,29841966.76569326
5,11,2711919.58202171
5,11,11684585.25644354
5,11,17965086.00876016
5,11,1072359.21296194
5,11,23105191.38338228
5,11,4137618.8085669
5,11,502759.43723705
5,11,2603375.46720843
5,11,20940303.07854138
5,11,6318033.23949539
5,11,12311144.64864703
5,11,6444297.04511604
5,11,912215.92809232
5,11,3052505.52192359
5,11,1358409.69080393
5,11,962838.62906785
5,11,27885502.00218221
5,11,16195564.92797112
5,11,45695693.51241752
5,11,8608855.45345116
5,11,9677482.40542724
5,11,638126.91754196
5,11,9640620.30304315
5,11,24152136.9335589
5,11,6177049.58298316
5,11,5883452.71600173
5,11,9123019.88234823
5,11,15844513.23077945
5,11,20119716.60094376
5,11,2332984.59751585
