3,13,1123.18666974
3,13,672.195477
3,13,770.77335125
3,13,35.64657252
3,13,676.94353285
3,13,893.03045457
3,13,1026.39264344
3,13,1289.42512478
3,13,292.43442448
3,13,453.41789334
3,13,1644.72670509
3,13,1215.59836538
3,13,1019.7867694
3,13,763.02469164
3,13,671.4700574
3,13,848.48135937
3,13,1088.88488247
3,13,869.69585031
3,13,1685.06003056
3,13,733.37836494
3,13,256.20486695
3,13,1288.22069702
3,13,1217.62145887
3,13,239.10016963
3,13,331.1850712
3,13,595.58117268
3,13,1183.531492
3,13,165.94401715
3,13,27.8985044
3,13,783.705251
