3,18,647.61693713
3,18,3111.80202323
3,18,71.57540192
3,18,258.30364006
3,18,249.91425475
3,18,150.82244035
3,18,338.10592866
3,18,614.95994653
3,18,1129.82866694
3,18,517.08897443
3,18,1007.98978677
3,18,636.18975868
3,18,152.10528405
3,18,1773.22951748
3,18,290.31927098
3,18,116.78729331
3,18,613.28552674
3,18,277.05586143
3,18,965.44538557
3,18,515.66075562
3,18,534.80188886
3,18,499.74285255
3,18,560.86288415
3,18,246.06134998
3,18,80.3083291
3,18,404.33564967
3,18,680.94843905
3,18,59.93550057
3,18,54.03575371
3,18,518.0392369
