5,16,175.26980711
5,16,172.54450237
5,16,174.5294357
5,16,263.21514402
5,16,251.55590511
5,16,261.34373388
5,16,213.64171473
5,16,13.41531042
5,16,72.70047364
5,16,170.48470103
5,16,302.65086986
5,16,215.33346229
5,16,208.74022434
5,16,98.08992548
5,16,77.02337488
5,16,13.86977991
5,16,237.9154134
5,16,87.48473012
5,16,368.41144473
5,16,81.77233062
5,16,316.24339239
5,16,170.69312283
5,16,90.19670059
5,16,14.53036031
5,16,107.52503482
5,16,94.74809707
5,16,122.16613742
5,16,198.37451814
5,16,114.96830252
5,16,69.50058695
5,16,320.75460951
5,16,241.11778961
5,16,99.79095922
5,16,86.89658995
5,16,171.28916882
5,16,16.93290811
5,16,248.16604476
5,16,120.54791372
5,16,178.05710728
5,16,48.2165973
5,16,155.91453809
5,16,123.81318516
5,16,49.48974959
5,16,54.4550827
5,16,129.23570372
5,16,51.50095572
5,16,15.91381988
5,16,247.71394802
5,16,102.85481898
5,16,42.81652778
