3,24,157.5048163
3,24,62.93534229
3,24,8.68003627
3,24,24.87009648
3,24,32.83451859
3,24,90.89489024
3,24,45.10996004
3,24,55.54064585
3,24,34.54016481
3,24,96.28333153
3,24,7.792239
3,24,87.43825105
3,24,8.18918512
3,24,100.37896924
3,24,170.1348529
3,24,5.00472782
3,24,44.60927428
3,24,98.60320492
3,24,6.0387772
3,24,51.16665873
3,24,54.18343351
3,24,185.66043775
3,24,27.66181839
3,24,36.75098853
3,24,6.7628366
3,24,105.76299573
3,24,47.8790157
3,24,32.02473301
3,24,80.84683755
3,24,53.9245683
