3,15,431.94766324
3,15,921.26719411
3,15,840.07792375
3,15,1582.18775543
3,15,198.79744166
3,15,202.96295419
3,15,191.59958586
3,15,106.04486985
3,15,209.98114002
3,15,49.80433943
3,15,749.2641538
3,15,1175.76800741
3,15,593.35978378
3,15,1706.62681515
3,15,45.30663576
3,15,707.57550645
3,15,1322.54506965
3,15,967.07290825
3,15,1829.4493786
3,15,58.26650359
3,15,985.44207052
3,15,926.36079794
3,15,1005.42812361
3,15,64.58331975
3,15,1176.12062227
3,15,130.10372465
3,15,430.11640709
3,15,54.95378372
3,15,448.47863921
3,15,26.17607165
