3,22,822.85187616
3,22,1027.4833203
3,22,1165.0154562
3,22,2144.6654493
3,22,1482.01358808
3,22,603.28425726
3,22,2259.38466575
3,22,694.03903898
3,22,869.0751242
3,22,1582.13215934
3,22,759.51411655
3,22,1127.4530158
3,22,782.13268492
3,22,795.12790584
3,22,601.97377343
3,22,777.91598007
3,22,580.36120896
3,22,773.00471285
3,22,534.80333096
3,22,1672.70010839
3,22,1016.54595605
3,22,618.36670561
3,22,845.94594814
3,22,1051.29589893
3,22,393.13330258
3,22,1329.20178044
3,22,2016.2797295
3,22,373.94330601
3,22,729.86783686
3,22,474.12019118
