3,4,1945.09355255
3,4,888.63483498
3,4,2152.27513784
3,4,323.17625635
3,4,172.24873134
3,4,462.10553106
3,4,869.96371904
3,4,3513.75486141
3,4,670.10157857
3,4,2758.93165156
3,4,1034.20226305
3,4,886.19325035
3,4,1931.71257683
3,4,1269.80158715
3,4,1036.77511885
3,4,1143.07170409
3,4,2093.66391366
3,4,1333.89180942
3,4,914.32070117
3,4,1014.21706096
3,4,1255.91293415
3,4,1729.12502199
3,4,1083.58003628
3,4,1271.95317543
3,4,766.02575785
3,4,771.44048584
3,4,788.07483752
3,4,1204.53286133
3,4,198.90128585
3,4,391.62155828
