5,6,123913.73683649
5,6,8742.79650285
5,6,40428.2839244
5,6,802599.15018695
5,6,223358.55972483
5,6,244218.83567938
5,6,191668.79417207
5,6,24719.60283199
5,6,47001.38702514
5,6,177610.29982218
5,6,155169.53861203
5,6,381169.86564686
5,6,438074.76626279
5,6,30218.34826725
5,6,62064.95579275
5,6,130567.30057972
5,6,90581.10776521
5,6,352802.49825205
5,6,115068.26399518
5,6,147027.91999237
5,6,146908.61269297
5,6,468266.43613042
5,6,14324.01210279
5,6,417287.42514882
5,6,116531.66744671
5,6,138692.84525487
5,6,56460.29150428
5,6,398117.08598841
5,6,91564.09463302
5,6,533544.58566439
5,6,366815.25946119
5,6,500033.09807722
5,6,1002869.2517346
5,6,147505.80225704
5,6,322847.93327468
5,6,45166.91801855
5,6,98435.97004724
5,6,410216.60331701
5,6,574590.61981586
5,6,55410.1902278
5,6,210775.57806354
5,6,193772.43463098
5,6,341108.12932397
5,6,159513.04070757
5,6,494370.76047293
5,6,245029.74628461
5,6,293195.99834023
5,6,264037.00948401
5,6,127266.99872423
5,6,16231.23155557
