3,10,8026498.0981493
3,10,7696040.86959821
3,10,5956838.05500906
3,10,1266014.81920734
3,10,5477043.1155797
3,10,734285.00109564
3,10,6355851.17121455
3,10,4260875.72055761
3,10,14007343.85295221
3,10,3401734.30112925
3,10,12162716.70801616
3,10,939012.36633578
3,10,21377883.92646797
3,10,30108326.60895737
3,10,3993248.29057329
3,10,38870634.57525072
3,10,55835213.02732285
3,10,22930530.3256559
3,10,1955425.49526307
3,10,15179913.2292139
3,10,19703247.55565207
3,10,294374.64202619
3,10,5048079.34558753
3,10,12076945.46359155
3,10,26073961.6686867
3,10,4842470.74516993
3,10,4564981.40716442
3,10,1901865.42730313
3,10,8980421.63727572
3,10,31923028.44295806
