5,24,52.61929549
5,24,111.02341003
5,24,148.81060053
5,24,232.37966617
5,24,90.3184904
5,24,87.94596328
5,24,71.74404651
5,24,6.43903137
5,24,85.53299014
5,24,47.11214454
5,24,25.84599159
5,24,170.30346744
5,24,81.8570174
5,24,224.15095061
5,24,57.11231065
5,24,60.67308151
5,24,124.99192383
5,24,179.1406905
5,24,97.39448517
5,24,81.996356
5,24,82.66454293
5,24,85.88911357
5,24,83.35622576
5,24,89.34720975
5,24,53.78835018
5,24,128.31528477
5,24,131.13950191
5,24,97.0368042
5,24,133.66621683
5,24,58.24441014
5,24,93.44655085
5,24,89.70216811
5,24,26.91910143
5,24,80.37701201
5,24,158.93482132
5,24,55.52198418
5,24,114.69755585
5,24,6.24160093
5,24,141.34995273
5,24,42.6033385
5,24,107.04336415
5,24,5.14474973
5,24,86.93189034
5,24,70.78013389
5,24,52.58241722
5,24,96.32894309
5,24,135.79824185
5,24,66.16445598
5,24,270.59662503
5,24,230.51770912
