5,1,255.14572985
5,1,556.23260542
5,1,409.00581812
5,1,369.90950395
5,1,277.41616851
5,1,361.8589712
5,1,190.57080573
5,1,35.59077816
5,1,396.25496255
5,1,474.55154073
5,1,480.97632061
5,1,415.78364268
5,1,332.81908014
5,1,344.87707693
5,1,429.43136734
5,1,434.09024913
5,1,297.80871626
5,1,443.06995449
5,1,335.16685124
5,1,488.44233546
5,1,467.40667895
5,1,219.78238581
5,1,382.48248548
5,1,402.35814995
5,1,467.10980603
5,1,180.33453465
5,1,416.81824759
5,1,454.4818837
5,1,284.47823715
5,1,375.74579672
5,1,475.50229138
5,1,347.70495387
5,1,420.82933362
5,1,462.57569479
5,1,277.16114781
5,1,403.21106495
5,1,346.96705522
5,1,382.74524841
5,1,508.51333612
5,1,508.96360864
5,1,186.62784056
5,1,453.60084679
5,1,99.37336097
5,1,396.85042157
5,1,333.73104669
5,1,428.03877737
5,1,410.70820432
5,1,468.64197758
5,1,347.00705522
5,1,458.50219418
