5,11,16668420.92318927
5,11,6001907.03660144
5,11,6813847.57820369
5,11,2862581.68236529
5,11,57798377.56466636
5,11,6567021.71185343
5,11,765522.20007878
5,11,5716314.75499164
5,11,969245.87579407
5,11,13650076.37424738
5,11,5799288.63061122
5,11,7281486.84172972
5,11,38771267.75761751
5,11,9638744.48378636
5,11,57477.76100409
5,11,1488324.11599179
5,11,13148100.59657662
5,11,11624878.93986287
5,11,12438991.10083556
5,11,1070718.30081316
5,11,740183.80068233
5,11,11765679.10659754
5,11,76146.07790322
5,11,9490729.27582788
5,11,8499510.00450789
5,11,926460.84948159
5,11,6101825.65629487
5,11,10616102.50956231
5,11,9379506.49590859
5,11,6280217.78057991
5,11,2503041.30686344
5,11,33466157.64834116
5,11,3020702.12130825
5,11,52482494.93665971
5,11,5218723.16493728
5,11,22275830.69157565
5,11,26920326.10355453
5,11,17440015.35449006
5,11,13717094.63745341
5,11,7339974.89342457
5,11,27514749.5366597
5,11,9200943.40743448
5,11,13789471.79412159
5,11,15529114.91536848
5,11,3995570.84010416
5,11,16068750.85179377
5,11,1150643.51312489
5,11,3078227.07463993
5,11,11403177.18213047
5,11,6114166.11962465
