3,4,170.36013891
3,4,497.55423981
3,4,2554.50536314
3,4,34.83977681
3,4,142.42484829
3,4,5.79434989
3,4,59.08616873
3,4,8431.7621276
3,4,13471.24326507
3,4,177.58379393
3,4,209.21764257
3,4,17.05658049
3,4,3527.9590643
3,4,1557.68531199
3,4,206.51407481
3,4,207.606994
3,4,8095.98482323
3,4,48.27271996
3,4,8906.53051567
3,4,993.64574906
3,4,227.76842576
3,4,4202.41320631
3,4,22.05198577
3,4,161.60951736
3,4,18439.49572788
3,4,509.60665068
3,4,7169.92404088
3,4,291.71489191
3,4,262.17627703
3,4,68.86052204
