3,20,6293.23249348
3,20,26547.82833637
3,20,37998.75491057
3,20,6990.56439162
3,20,347.28983818
3,20,5173.20185877
3,20,352.35761034
3,20,1506.47820887
3,20,22936.68672749
3,20,37203.48181641
3,20,4196.21272065
3,20,67538.24579496
3,20,69148.23272513
3,20,22960.58245724
3,20,8866.10957152
3,20,11483.09614477
3,20,43442.4776827
3,20,70847.3667574
3,20,6356.80034228
3,20,22559.89612243
3,20,52205.63345936
3,20,11139.47995453
3,20,66863.3121386
3,20,13271.37443607
3,20,4538.03772159
3,20,10610.72241599
3,20,40.52702114
3,20,3720.57031758
3,20,39832.10195593
3,20,59445.96972877
