5,6,56910.27649267
5,6,127228.99811059
5,6,280812.44301014
5,6,23998.85364756
5,6,59508.24764498
5,6,202092.00276634
5,6,25703.94470773
5,6,253888.85967486
5,6,108899.06485164
5,6,376524.12934314
5,6,221425.30185077
5,6,5524.82377695
5,6,74769.07221299
5,6,202243.36067359
5,6,8292.99674772
5,6,52035.82042545
5,6,9840.42756727
5,6,441961.79330019
5,6,96642.66045848
5,6,205614.31751958
5,6,132670.76500078
5,6,107688.74608705
5,6,125303.06600076
5,6,47457.42115036
5,6,6841.02615548
5,6,14855.73190468
5,6,427285.71986841
5,6,135507.67100598
5,6,100878.32155476
5,6,534262.77761006
5,6,192578.90929562
5,6,85214.12364237
5,6,123488.30779367
5,6,60006.77758293
5,6,189743.53076176
5,6,150024.1805948
5,6,100538.19220582
5,6,46267.6649424
5,6,395659.06687364
5,6,87445.68457835
5,6,106525.69039431
5,6,84182.85548036
5,6,44747.97858842
5,6,89948.94168328
5,6,236063.57598184
5,6,16365.71336211
5,6,37395.85845618
5,6,26586.09798208
5,6,151320.12838666
5,6,49169.20343226
