5,13,1270.54452958
5,13,1247.51868338
5,13,413.64679305
5,13,252.36664744
5,13,630.3227041
5,13,558.23436663
5,13,611.77477883
5,13,1272.6538681
5,13,352.45172724
5,13,894.08611825
5,13,493.35595925
5,13,863.48964448
5,13,619.99697972
5,13,18.10755815
5,13,331.98772835
5,13,1177.45907049
5,13,342.14195288
5,13,841.26613088
5,13,720.50121619
5,13,572.7952024
5,13,558.86607702
5,13,826.20362074
5,13,765.59761987
5,13,1013.57958681
5,13,30.39399441
5,13,233.78367973
5,13,687.64154114
5,13,1190.63969644
5,13,902.02266928
5,13,732.08603367
5,13,1180.00332337
5,13,541.10973381
5,13,1180.14492938
5,13,739.60071532
5,13,982.80024636
5,13,717.38878145
5,13,1413.61088801
5,13,932.78610881
5,13,1459.22182452
5,13,393.69672488
5,13,1794.40190936
5,13,1833.30345971
5,13,975.42090636
5,13,1538.88762658
5,13,632.02611887
5,13,1138.18578231
5,13,819.59912257
5,13,1188.03018324
5,13,967.0379684
5,13,911.87135826
