5,22,1426.18604952
5,22,1768.92717951
5,22,3081.23681346
5,22,1407.19868047
5,22,1579.33046876
5,22,1329.285024
5,22,1562.58532548
5,22,2046.33255577
5,22,1116.56254998
5,22,1955.30158968
5,22,1331.63404569
5,22,1102.61276833
5,22,1323.39190419
5,22,2424.20355569
5,22,2694.4175243
5,22,1735.76283048
5,22,1162.68767237
5,22,1367.00211812
5,22,2391.85427874
5,22,1817.43679585
5,22,1561.42196028
5,22,2746.73726613
5,22,2151.40793014
5,22,2927.3422423
5,22,2841.97804828
5,22,1552.40490488
5,22,1602.08808605
5,22,1590.88699117
5,22,1564.89169538
5,22,1496.13641067
5,22,1468.48082599
5,22,2165.16716523
5,22,1523.38962291
5,22,1220.54049348
5,22,1732.77820896
5,22,1536.27443108
5,22,1797.58392383
5,22,1426.75433704
5,22,1644.82464514
5,22,2467.73226266
5,22,1861.94472478
5,22,1803.51719969
5,22,1526.79623311
5,22,2192.68743276
5,22,1578.7597254
5,22,1697.16670321
5,22,1566.53476577
5,22,1848.81862452
5,22,1401.48564001
5,22,2052.22551842
