5,22,580.85456784
5,22,1049.63643653
5,22,1103.8950392
5,22,1214.64987756
5,22,1894.37473069
5,22,659.33130067
5,22,616.91685858
5,22,1360.15425996
5,22,1408.03277256
5,22,1376.0339616
5,22,951.24150574
5,22,706.34231661
5,22,981.69199375
5,22,587.44595203
5,22,1234.19934083
5,22,764.01036154
5,22,1346.78550722
5,22,1856.79947578
5,22,1994.92225812
5,22,2005.73710717
5,22,736.99281568
5,22,799.78336582
5,22,1513.5576899
5,22,659.37563714
5,22,885.15210945
5,22,1543.41135196
5,22,1779.6963994
5,22,1765.23565463
5,22,991.97768539
5,22,1632.98486823
5,22,631.68301637
5,22,1585.16981369
5,22,1117.92557216
5,22,993.48557328
5,22,796.21367722
5,22,1151.9987533
5,22,655.64152738
5,22,2195.23756179
5,22,513.28342091
5,22,1109.37684945
5,22,836.87089508
5,22,1553.8864141
5,22,785.14735551
5,22,1266.96969882
5,22,1844.81569478
5,22,749.9688658
5,22,1663.90070502
5,22,748.72692873
5,22,1273.64662661
5,22,1068.6602939
