5,18,62.35594338
5,18,5.95227646
5,18,130.51935217
5,18,107.79956361
5,18,194.76142625
5,18,15.49253825
5,18,120.99364653
5,18,75.64755173
5,18,464.16845739
5,18,149.21383043
5,18,74.36392044
5,18,18.84137319
5,18,56.26280014
5,18,65.81073103
5,18,103.81556246
5,18,175.61800398
5,18,13.92386307
5,18,351.22238319
5,18,8.96159223
5,18,28.81892493
5,18,23.89544001
5,18,50.467946
5,18,267.18657155
5,18,47.68538605
5,18,54.51749393
5,18,50.75580799
5,18,38.56080394
5,18,45.48491776
5,18,116.12404614
5,18,2.13986613
5,18,113.65728822
5,18,67.02094624
5,18,146.8214814
5,18,24.52811152
5,18,163.00323603
5,18,12.66848981
5,18,226.8142923
5,18,140.02995008
5,18,109.68895135
5,18,62.16464083
5,18,378.58450099
5,18,126.58070807
5,18,104.64898528
5,18,48.02743399
5,18,14.32664618
5,18,168.48590327
5,18,228.79988274
5,18,168.70259017
5,18,24.47276849
5,18,497.72394051
