5,11,3453965.42185722
5,11,22859805.04690405
5,11,21422151.008727
5,11, 1.36619440e+08
5,11,86101886.33482295
5,11,57056770.95669862
5,11,54636.64367407
5,11,1276035.53554572
5,11,3134217.13869847
5,11,29439815.32723242
5,11,5879744.71789837
5,11,9232185.7688243
5,11,4506468.45094658
5,11,3335429.6338786
5,11,12277181.54451464
5,11,7075275.4858802
5,11,34202881.96863838
5,11,20989808.51934595
5,11,9507939.64979248
5,11,9424157.22773471
5,11,917037.01720474
5,11,106092.15226108
5,11,16608725.21095121
5,11,4799199.01295844
5,11,1105426.5850881
5,11,43418301.48616233
5,11,160681.05070886
5,11,7931167.19106557
5,11,24264392.56367877
5,11,20363132.65585569
5,11,19869048.75397897
5,11,54156133.8953867
5,11,6826277.19566364
5,11,54803671.58678652
5,11,10193259.87744563
5,11,74036.21885728
5,11,38643151.44160787
5,11,5695539.85584623
5,11,61975588.81027168
5,11,26071688.95001364
5,11,51599612.81147496
5,11,35692842.91385414
5,11,15783738.21957754
5,11,10796479.61686002
5,11,37685746.03207929
5,11,1153634.84492933
5,11,6823474.96019155
5,11,11937446.88225815
5,11,27641526.5907005
5,11,27523057.46178531
