3,14,574.95459804
3,14,45.50824533
3,14,226.30094759
3,14,34.25059202
3,14,49.65575071
3,14,32.62086737
3,14,32.92667291
3,14,97.71873018
3,14,47.27633354
3,14,538.55606414
3,14,3.17450943
3,14,337.84136362
3,14,47.33652385
3,14,49.41166978
3,14,51.51386044
3,14,402.41099567
3,14,5.92610811
3,14,493.92612117
3,14,401.39832085
3,14,42.91833865
3,14,238.75840754
3,14,4.7177541
3,14,37.28937084
3,14,15.39027733
3,14,26.07087954
3,14,22.62401559
3,14,49.87855647
3,14,342.94164938
3,14,763.43727059
3,14,108.10191721
