5,13,90.75339164
5,13,118.68714817
5,13,812.67911218
5,13,1904.41234358
5,13,1387.83899625
5,13,2037.77026917
5,13,2318.37179497
5,13,1372.84304285
5,13,884.71354814
5,13,148.96219534
5,13,448.04181635
5,13,772.73910698
5,13,1653.85031049
5,13,87.74871825
5,13,443.67288199
5,13,913.89662841
5,13,1236.03280488
5,13,818.10720391
5,13,891.07615167
5,13,32.19973543
5,13,1216.57918351
5,13,390.07765132
5,13,225.2415703
5,13,2068.4051532
5,13,648.10571968
5,13,276.36431136
5,13,1457.40484509
5,13,494.86422041
5,13,325.71650716
5,13,380.98436722
5,13,1244.36148423
5,13,86.76158697
5,13,2133.59781144
5,13,1206.34673091
5,13,1675.11405869
5,13,1604.41971812
5,13,1939.04056714
5,13,1245.10970127
5,13,1194.61284461
5,13,1137.11545067
5,13,283.38033684
5,13,484.19088055
5,13,395.54320523
5,13,1083.56434116
5,13,1646.55796109
5,13,1017.67641363
5,13,588.33862542
5,13,527.38205633
5,13,493.50155028
5,13,2463.48543823
