3,15,842.41483118
3,15,423.31508031
3,15,8.23577705
3,15,3601.92785238
3,15,424.94547232
3,15,526.05728958
3,15,1233.98773708
3,15,354.16819691
3,15,1793.65471818
3,15,612.83804976
3,15,1116.35327265
3,15,1984.53148423
3,15,731.12259613
3,15,639.49269416
3,15,4260.14942349
3,15,156.56372332
3,15,2159.36790729
3,15,776.42296258
3,15,456.08915255
3,15,1635.24358029
3,15,981.10011492
3,15,948.11120725
3,15,816.88766882
3,15,126.77293688
3,15,78.99846695
3,15,804.45508496
3,15,1685.00729255
3,15,857.6458363
3,15,3106.17657804
3,15,244.6474684
