5,19,58.84543041
5,19,2.62857663
5,19,14.87704466
5,19,138.65475668
5,19,25.20184273
5,19,53.70921582
5,19,5.70983628
5,19,14.35237188
5,19,27.68147042
5,19,6.64374032
5,19,170.24189211
5,19,19.0599725
5,19,15.48382101
5,19,89.35107804
5,19,37.98254132
5,19,4.02543268
5,19,18.11803339
5,19,7.95220148
5,19,17.95795048
5,19,43.27686112
5,19,28.08136575
5,19,103.9853226
5,19,14.31963562
5,19,16.12442271
5,19,21.44598412
5,19,17.06752426
5,19,33.70659042
5,19,15.66878618
5,19,22.21665338
5,19,33.01140582
5,19,13.48439308
5,19,87.58160093
5,19,71.37099231
5,19,77.20249454
5,19,13.93028793
5,19,28.57292344
5,19,64.14853486
5,19,43.81952861
5,19,22.73132571
5,19,27.57555098
5,19,27.75990383
5,19,47.25065912
5,19,38.46019082
5,19,17.81811019
5,19,24.60788113
5,19,8.48658592
5,19,8.64172903
5,19,45.27900371
5,19,17.16428908
5,19,9.15774359
