3,3,134.60457842
3,3,7792.18953755
3,3,209.00903327
3,3,496.99142357
3,3,350.61993222
3,3,3758.73718304
3,3,2490.62095514
3,3,475.71506625
3,3,465.47074801
3,3,469.89613894
3,3,1294.17476455
3,3,5308.92290496
3,3,1153.59734104
3,3,403.96085173
3,3,335.65019788
3,3,280.82783973
3,3,866.73093718
3,3,269.77402255
3,3,909.07603595
3,3,1363.10669324
3,3,1591.37964003
3,3,8435.66851874
3,3,6004.17264359
3,3,515.24148717
3,3,463.10181747
3,3,258.24454948
3,3,458.46901864
3,3,324.49512696
3,3,690.82851791
3,3,483.31799945
