5,8,95815.98010664
5,8,76598.77433661
5,8,88286.97912936
5,8,224431.02577785
5,8,5612.35266246
5,8,289853.30488248
5,8,89091.79042795
5,8,231469.26162785
5,8,25784.61875104
5,8,4452.03079297
5,8,217195.97804537
5,8,38785.45321382
5,8,239852.78465075
5,8,69652.4332156
5,8,203445.46123139
5,8,80179.10945168
5,8,310839.2465293
5,8,218112.1281778
5,8,9850.89213228
5,8,50390.59032443
5,8,34511.22904562
5,8,80615.3722885
5,8,318981.36188347
5,8,10657.82231461
5,8,125710.10504526
5,8,14203.59198422
5,8,336356.73874742
5,8,50516.8611928
5,8,505038.97303357
5,8,74989.83587555
5,8,95669.72239968
5,8,104435.66056108
5,8,81849.45482799
5,8,14056.29583244
5,8,721.34187543
5,8,18026.75986758
5,8,346150.74493354
5,8,13429.08170128
5,8,297029.84165479
5,8,103974.65658628
5,8,346229.40985799
5,8,508544.37272426
5,8,82467.83024616
5,8,232061.55711542
5,8,97549.84045356
5,8,3793.4907698
5,8,396835.06971726
5,8,143674.7920422
5,8,172650.43207031
5,8,261767.56421856
