5,16,753.12881578
5,16,719.66026114
5,16,271.26454609
5,16,351.04953212
5,16,611.55323921
5,16,648.9690419
5,16,490.6636527
5,16,404.7420723
5,16,529.84955674
5,16,499.14429816
5,16,466.96701825
5,16,603.1052774
5,16,594.94315686
5,16,423.01862288
5,16,420.68854819
5,16,504.7593585
5,16,451.76403018
5,16,416.27785128
5,16,739.72899348
5,16,574.52835581
5,16,485.60296642
5,16,690.24888765
5,16,646.23742385
5,16,447.08077669
5,16,534.98246788
5,16,566.01138882
5,16,441.7643964
5,16,489.42725131
5,16,556.53007552
5,16,722.66476835
5,16,804.88902608
5,16,442.48327592
5,16,588.70282188
5,16,486.30502038
5,16,459.84456738
5,16,640.91542328
5,16,500.45410367
5,16,472.29326453
5,16,452.79279613
5,16,614.55788976
5,16,646.50623121
5,16,554.33254974
5,16,567.34101475
5,16,563.58324032
5,16,713.4469448
5,16,562.88533278
5,16,483.28617032
5,16,501.51167659
5,16,556.60216616
5,16,540.19284511
