3,10,18650198.72749279
3,10,169263.74071259
3,10,10909622.67619191
3,10,845384.36262996
3,10,1711176.42387176
3,10,2187993.15901727
3,10,11819751.15862975
3,10,4362381.21055643
3,10,2420007.80665617
3,10,347003.82598622
3,10,4431649.4599475
3,10,23698893.72073498
3,10,680394.22644309
3,10,673727.12366442
3,10,5324759.55478446
3,10,3939369.903872
3,10,3933371.44553912
3,10,264899.26117541
3,10,1849953.93241288
3,10,11913626.24893138
3,10,10900238.13953149
3,10,2239539.68065255
3,10,41363762.86880933
3,10,2197468.27287698
3,10,42922774.08424674
3,10,35105044.67492164
3,10,2315493.07593724
3,10,8414706.24573154
3,10,3384014.99027081
3,10,975400.35925305
