3,9,30523.85897367
3,9,26498.07150332
3,9,17211.02146777
3,9,12786.23965616
3,9,26810.18778459
3,9,12066.28199529
3,9,8271.47730177
3,9,7168.04585119
3,9,565.85044116
3,9,38279.54220833
3,9,27660.63357011
3,9,10085.45155254
3,9,16986.29354207
3,9,7742.69057425
3,9,17013.13046434
3,9,10411.90536978
3,9,4331.42196337
3,9,120826.66854693
3,9,1035.01847565
3,9,8442.18285332
3,9,13294.64331991
3,9,26485.31128493
3,9,10002.77395989
3,9,17585.66658855
3,9,40891.69817252
3,9,16912.41380473
3,9,62110.67355393
3,9,5412.90320596
3,9,13868.45065503
3,9,2513.73539567
