5,5,566.79453304
5,5,600.44931917
5,5,592.56331116
5,5,613.34299624
5,5,591.68562162
5,5,588.15884523
5,5,529.29098152
5,5,535.62803184
5,5,523.89274817
5,5,578.26777343
5,5,634.83000117
5,5,691.40606819
5,5,567.58913173
5,5,583.02029068
5,5,542.12291461
5,5,606.25618633
5,5,707.5980155
5,5,537.58747081
5,5,498.79830426
5,5,526.19993501
5,5,533.4724714
5,5,587.78551675
5,5,565.46314083
5,5,491.60747852
5,5,589.38894194
5,5,537.62935086
5,5,560.82904291
5,5,591.24693205
5,5,528.3737248
5,5,443.65781583
5,5,551.33611245
5,5,541.73991052
5,5,611.44170254
5,5,552.88815407
5,5,571.9647165
5,5,554.46699268
5,5,486.05471658
5,5,552.79795649
5,5,605.23496638
5,5,564.60644446
5,5,604.31447222
5,5,546.90161955
5,5,572.22822381
5,5,549.77517038
5,5,535.35881859
5,5,605.35717382
5,5,598.95991311
5,5,657.76420097
5,5,632.00736943
5,5,599.94993018
