5,1,309.15751897
5,1,61.19022205
5,1,295.93054757
5,1,60.49905256
5,1,158.34904277
5,1,345.491276
5,1,350.8936489
5,1,192.1234568
5,1,330.64958835
5,1,144.90135688
5,1,421.32183727
5,1,355.25946634
5,1,225.90566004
5,1,325.54564582
5,1,301.61093351
5,1,325.62247961
5,1,251.99198335
5,1,345.31868038
5,1,239.31544507
5,1,219.38025994
5,1,62.23501534
5,1,32.21433157
5,1,265.65387523
5,1,316.57985637
5,1,197.68568942
5,1,280.42061015
5,1,330.43603669
5,1,207.40399266
5,1,201.8104388
5,1,340.02788131
5,1,315.93220434
5,1,359.67577329
5,1,373.23349509
5,1,384.90979573
5,1,348.82060802
5,1,345.5074172
5,1,41.45738509
5,1,272.55611543
5,1,283.87420282
5,1,364.79454421
5,1,247.82029424
5,1,367.42389397
5,1,366.52774714
5,1,12.18261087
5,1,310.73193953
5,1,316.61135209
5,1,256.10696125
5,1,322.86058314
5,1,219.93167748
5,1,312.95562299
