5,14,139.28339615
5,14,57.0127979
5,14,79.59251505
5,14,271.77886054
5,14,107.84702594
5,14,808.15212548
5,14,174.26566899
5,14,1153.07168661
5,14,170.23997869
5,14,378.95593646
5,14,275.48855865
5,14,219.01054427
5,14,56.18586003
5,14,251.28627428
5,14,77.33583887
5,14,74.57478558
5,14,72.31340996
5,14,282.79101626
5,14,156.67424152
5,14,5.91891114
5,14,78.69396902
5,14,58.65761741
5,14,11.79623982
5,14,38.93486826
5,14,24.03816648
5,14,173.32658995
5,14,71.46182197
5,14,75.94413403
5,14,79.88734607
5,14,92.45599911
5,14,14.73308481
5,14,152.58832635
5,14,26.90745059
5,14,424.77747655
5,14,333.94467537
5,14,16.20225521
5,14,44.70898968
5,14,842.27621979
5,14,47.13051549
5,14,192.77594712
5,14,214.67371645
5,14,173.44428917
5,14,43.91980913
5,14,102.90727347
5,14,10.96239327
5,14,378.16871627
5,14,112.63358316
5,14,62.00542997
5,14,305.77312784
5,14,92.80851109
