5,6,359542.51637512
5,6,1075927.08448152
5,6,1394567.38195376
5,6,534488.11591993
5,6,611327.52033588
5,6,516649.67639609
5,6,935426.32309632
5,6,1037122.84291962
5,6,426393.66703249
5,6,1144597.69026585
5,6,1533545.53438932
5,6,456475.563396
5,6,672476.03340337
5,6,771181.79044875
5,6,844827.98883611
5,6,936429.19052978
5,6,835085.30928737
5,6,355054.46037647
5,6,235012.62838923
5,6,142336.42813043
5,6,437403.04732329
5,6,877418.87634153
5,6,1108287.43063693
5,6,797038.49759157
5,6,107659.69286411
5,6,449255.165513
5,6,181421.24867439
5,6,1515067.96978557
5,6,686808.1631184
5,6,42327.01157394
5,6,394546.82528818
5,6,1436477.72820935
5,6,260164.01026543
5,6,721748.3516091
5,6,84419.8468577
5,6,18315.09650328
5,6,556134.45813085
5,6,58137.51231013
5,6,680877.20177361
5,6,945965.45468078
5,6,282558.85522618
5,6,411852.59842039
5,6,274633.66737565
5,6,206386.6477777
5,6,1219582.31189782
5,6,384935.61517457
5,6,131063.96178305
5,6,810285.9577665
5,6,203754.9348542
5,6,1211546.98746022
