3,4,2642.03348045
3,4,808.54195067
3,4,7318.99110843
3,4,1758.30121963
3,4,47.79791602
3,4,149.22910313
3,4,174.00505281
3,4,548.31032197
3,4,326.04407031
3,4,194.1309225
3,4,15.82447302
3,4,3526.39984795
3,4,2629.00273444
3,4,37.32139867
3,4,627.87060938
3,4,857.38982372
3,4,229.53319913
3,4,596.13821621
3,4,4427.90983347
3,4,6351.65101955
3,4,60.76619626
3,4,1059.08310599
3,4,1117.10507979
3,4,1678.80271669
3,4,3125.74489745
3,4,223.37474271
3,4,3252.71526917
3,4,768.19706197
3,4,24.71600638
3,4,77.88130695
