3,24,284.45059812
3,24,37.10446856
3,24,234.1842789
3,24,147.31352305
3,24,195.6545968
3,24,107.82174009
3,24,182.21846522
3,24,206.83816968
3,24,180.40140794
3,24,138.2577252
3,24,198.65235494
3,24,256.13719639
3,24,160.84508319
3,24,252.42352933
3,24,81.25008851
3,24,164.9594555
3,24,225.80695121
3,24,270.97216664
3,24,12.63987352
3,24,248.57077626
3,24,107.39436256
3,24,112.47105422
3,24,236.16325724
3,24,311.977931
3,24,263.6186415
3,24,241.64434245
3,24,186.89855877
3,24,158.56009397
3,24,186.87618733
3,24,219.06247769
