5,12,41790431.91258784
5,12, 3.34997480e+08
5,12, 7.05596176e+08
5,12, 3.51973472e+08
5,12, 3.01943567e+08
5,12, 2.42274883e+08
5,12, 1.27298348e+08
5,12, 2.57967445e+08
5,12,34818804.39002706
5,12, 9.65677990e+08
5,12,47426443.36744961
5,12, 1.69376987e+08
5,12, 6.00148624e+08
5,12, 2.39232006e+08
5,12, 1.07195177e+11
5,12, 6.56180828e+08
5,12,37461974.75805253
5,12, 1.41532132e+09
5,12, 2.57350184e+08
5,12,92669718.52066962
5,12, 1.16697762e+08
5,12,19141121.59586924
5,12, 1.59658918e+08
5,12, 1.57322943e+09
5,12, 1.73319831e+08
5,12,26946295.26507568
5,12, 9.71571766e+08
5,12,75385766.46324167
5,12, 1.14500329e+08
5,12,21329664.76938397
5,12, 3.97045416e+08
5,12, 8.20776522e+08
5,12, 1.83675084e+08
5,12,21029513.44601123
5,12, 3.39569371e+08
5,12, 1.32369858e+08
5,12, 2.10284928e+08
5,12,34817688.78002711
5,12, 5.28554836e+08
5,12, 1.42951779e+09
5,12, 2.23902607e+10
5,12, 3.03214103e+08
5,12, 5.15229389e+09
5,12, 1.55924255e+09
5,12,91061320.67885053
5,12, 1.53488219e+08
5,12, 8.71391387e+08
5,12,11011643.87721252
5,12,61989992.04617524
5,12,37250613.52887461
