5,10,11210797.38017537
5,10,5037643.55560339
5,10,34422104.28305451
5,10,29190882.51549073
5,10,855502.40139091
5,10,1244716.07565776
5,10,13541128.04186415
5,10,64604131.420329
5,10,12831086.84863709
5,10,12508339.23251781
5,10,16889381.45961597
5,10,85421535.4220694
5,10,24845665.82293143
5,10,20801510.56097067
5,10,1798674.74303788
5,10,2216061.75907663
5,10,22025440.72182422
5,10,1318828.45938134
5,10,607633.17162294
5,10,30250023.35440114
5,10,7710604.47889649
5,10,7093416.37236064
5,10,17208710.87411726
5,10,9097843.55900725
5,10,28236785.07334261
5,10,3552709.67563065
5,10,25647643.79651967
5,10,47526805.25110547
5,10,25524546.14120404
5,10,5886482.12325753
5,10,30963188.85604676
5,10,15480416.09647292
5,10,49338742.25776009
5,10,8187997.86504618
5,10,10080318.51047354
5,10,18490399.80169755
5,10,16384774.60782936
5,10,12540809.97641622
5,10,10450639.8207655
5,10,14449679.56374964
5,10,4080052.63592778
5,10,15684040.51362126
5,10,8712895.77007465
5,10,17864288.51644753
5,10,11811964.18562559
5,10,12593357.47488579
5,10,1572754.70238734
5,10,40780666.79397316
5,10,22220763.62561358
5,10,9736974.5029193
