5,18,121.92438654
5,18,243.23419948
5,18,308.07498005
5,18,134.6850143
5,18,276.23901187
5,18,225.20569421
5,18,232.88674664
5,18,190.57481779
5,18,62.46851312
5,18,275.86665305
5,18,52.1576211
5,18,49.48577373
5,18,381.48413183
5,18,23.48507223
5,18,17.45460345
5,18,161.87071911
5,18,224.6486096
5,18,35.30340265
5,18,61.42816629
5,18,192.82639261
5,18,204.08825625
5,18,105.34432341
5,18,43.03037033
5,18,41.09527791
5,18,85.7881594
5,18,117.4250499
5,18,631.7560421
5,18,321.10078236
5,18,179.35214752
5,18,123.79486692
5,18,148.26249351
5,18,108.86491009
5,18,127.33544377
5,18,62.20511829
5,18,43.08956649
5,18,73.87697309
5,18,195.98376254
5,18,4.14782282
5,18,222.77474721
5,18,124.80666003
5,18,161.94419539
5,18,42.51680439
5,18,347.24960811
5,18,53.5148167
5,18,301.95195079
5,18,129.36510945
5,18,45.24364561
5,18,70.04335689
5,18,363.06869082
5,18,19.80527408
