5,8,32670.51881265
5,8,41964.23115462
5,8,203750.97125221
5,8,426237.2879271
5,8,103.25126535
5,8,375292.92050557
5,8,11108.66514938
5,8,38709.39458407
5,8,184447.54583886
5,8,67598.77654862
5,8,33716.41424286
5,8,17284.9173536
5,8,15659.48494866
5,8,57745.16299318
5,8,63350.50317456
5,8,99297.2470397
5,8,185480.50972223
5,8,41778.85132406
5,8,24630.42154888
5,8,261684.30307551
5,8,278081.82249942
5,8,627579.80103283
5,8,17956.94326907
5,8,23163.69388042
5,8,82441.66419754
5,8,80846.03675507
5,8,82000.70944887
5,8,335061.22529881
5,8,17398.64422845
5,8,47081.42077352
5,8,256647.54995987
5,8,25730.47232506
5,8,49608.61703901
5,8,3159.49097104
5,8,322577.87245039
5,8,130943.97071924
5,8,49355.61725859
5,8,283311.99723452
5,8,280349.12165546
5,8,371073.51317277
5,8,35597.12094774
5,8,62683.50141432
5,8,9405.89515555
5,8,79798.72116313
5,8,2806.33230327
5,8,9220.73299704
5,8,8044.29473222
5,8,16719.37207439
5,8,534398.59766034
5,8,75248.81677084
