5,1,168.17270434
5,1,9.18947566
5,1,97.67513789
5,1,1.2747885
5,1,36.78167133
5,1,19.11229117
5,1,44.65378493
5,1,33.9339829
5,1,124.07204193
5,1,97.76616973
5,1,72.12465242
5,1,94.78277214
5,1,14.41768911
5,1,9.00127349
5,1,34.21130054
5,1,16.46952699
5,1,10.08751313
5,1,63.59636068
5,1,8.76224349
5,1,17.15757575
5,1,9.78139265
5,1,8.1057988
5,1,107.69021327
5,1,151.89851811
5,1,29.27073325
5,1,71.51227069
5,1,60.07241399
5,1,103.62493794
5,1,45.39776673
5,1,4.00843542
5,1,134.17981157
5,1,139.36675922
5,1,92.65285146
5,1,103.74686672
5,1,112.71602532
5,1,8.3372353
5,1,82.62589878
5,1,15.61057119
5,1,170.28940185
5,1,35.44537237
5,1,70.1241052
5,1,69.95871394
5,1,42.84166726
5,1,0.75286656
5,1,24.90963396
5,1,60.38552195
5,1,0.31223553
5,1,6.55023261
5,1,76.32127017
5,1,25.19964513
