5,1,39.22945728
5,1,349.49984511
5,1,165.41227141
5,1,222.65863103
5,1,79.49651428
5,1,260.85215782
5,1,247.04586385
5,1,285.27398371
5,1,159.02301059
5,1,94.75738227
5,1,299.38566572
5,1,122.9526047
5,1,298.4550323
5,1,449.23406312
5,1,130.20521606
5,1,133.20480979
5,1,36.89369601
5,1,203.43798548
5,1,218.42258514
5,1,160.80984535
5,1,73.78691279
5,1,162.4777488
5,1,145.1118116
5,1,222.57202262
5,1,356.54145703
5,1,350.91455489
5,1,445.12207594
5,1,186.11416345
5,1,162.58475246
5,1,116.77763086
5,1,105.44707851
5,1,138.11870898
5,1,149.34883488
5,1,269.61060469
5,1,273.81293071
5,1,157.39246164
5,1,320.2565661
5,1,304.10589469
5,1,90.93934392
5,1,266.96669687
5,1,162.52956393
5,1,142.52972854
5,1,79.07828985
5,1,303.9625325
5,1,152.43908652
5,1,204.09589003
5,1,93.70998435
5,1,251.36417785
5,1,111.35417674
5,1,151.00172251
