3,22,415.07989451
3,22,290.46690648
3,22,1355.23647786
3,22,506.01611471
3,22,494.6731151
3,22,1699.50090832
3,22,1570.79500137
3,22,848.04948165
3,22,248.18914947
3,22,522.32751606
3,22,675.38867781
3,22,581.72144843
3,22,394.73952398
3,22,617.9187769
3,22,744.61014753
3,22,661.41675677
3,22,394.55198632
3,22,942.66356365
3,22,603.67219779
3,22,1697.98464636
3,22,735.31373532
3,22,690.96676442
3,22,1055.34194179
3,22,878.2788454
3,22,260.76255845
3,22,274.72222188
3,22,96.04716105
3,22,333.48853244
3,22,636.8488587
3,22,730.69542397
