5,1,256.4555312
5,1,235.45184061
5,1,176.41196002
5,1,95.64277721
5,1,119.24114987
5,1,152.18114118
5,1,202.98243392
5,1,61.83806435
5,1,253.94250733
5,1,20.38681923
5,1,58.28507275
5,1,206.57328182
5,1,124.67618945
5,1,11.4897803
5,1,69.55123787
5,1,44.9721579
5,1,258.93101245
5,1,84.1524977
5,1,234.21771805
5,1,103.50834133
5,1,215.70928386
5,1,42.23567576
5,1,11.25360585
5,1,21.75034338
5,1,74.41507993
5,1,142.56354803
5,1,149.83447934
5,1,287.33585891
5,1,253.73655008
5,1,72.92070356
5,1,162.9732576
5,1,105.6163688
5,1,50.46502745
5,1,11.42854768
5,1,28.98653636
5,1,134.60181403
5,1,49.67907332
5,1,88.71210785
5,1,96.69677752
5,1,180.05503506
5,1,54.43143508
5,1,152.02048591
5,1,61.12403319
5,1,27.60497928
5,1,166.81052423
5,1,224.74438721
5,1,141.06093378
5,1,204.72101898
5,1,170.47764709
5,1,184.80874863
