3,14,72.00234391
3,14,86.08849973
3,14,28.23486145
3,14,2.17441961
3,14,48.33558781
3,14,50.58341746
3,14,63.12271463
3,14,35.74293588
3,14,17.73187591
3,14,55.33373483
3,14,51.43954487
3,14,30.32812959
3,14,67.09127112
3,14,43.81420004
3,14,35.58001536
3,14,21.02877173
3,14,46.04020871
3,14,75.02128549
3,14,51.50259327
3,14,56.79669635
3,14,44.99091195
3,14,12.35190949
3,14,5.67815301
3,14,17.67673673
3,14,9.87565318
3,14,13.26686029
3,14,33.03840946
3,14,18.53864845
3,14,7.74325996
3,14,50.20412494
