3,4,601.9424707
3,4,40.70096414
3,4,510.88412851
3,4,839.98163904
3,4,208.75416645
3,4,5692.40850322
3,4,106.88132139
3,4,1063.3874081
3,4,1080.11892657
3,4,1431.85371559
3,4,2973.47128306
3,4,1811.72176005
3,4,529.51263748
3,4,431.59110568
3,4,234.20063551
3,4,597.11773548
3,4,427.27235415
3,4,404.12728468
3,4,430.29377157
3,4,541.54428053
3,4,232.72703933
3,4,1176.35765834
3,4,1249.48573464
3,4,1148.17606455
3,4,1429.43584895
3,4,1388.66254094
3,4,418.77000679
3,4,188.6119986
3,4,3221.05795484
3,4,126.01919447
