5,23,3.46218299
5,23,2.12036621
5,23,22.58341842
5,23,11.40412916
5,23,10.06211804
5,23,13.06810403
5,23,0.24880802
5,23,22.33211011
5,23,10.43624509
5,23,35.63699656
5,23,4.26149748
5,23,17.14805194
5,23,14.68470238
5,23,10.22077249
5,23,24.58051836
5,23,4.57333634
5,23,7.38481369
5,23,5.65679603
5,23,4.05444298
5,23,29.48090939
5,23,4.36762697
5,23,10.8644596
5,23,16.52974642
5,23,3.78513462
5,23,16.65627867
5,23,6.27919951
5,23,0.84622945
5,23,15.94183379
5,23,27.23096632
5,23,4.37631852
5,23,13.74971342
5,23,20.6606056
5,23,9.39624703
5,23,20.42247154
5,23,26.40729683
5,23,22.68476851
5,23,15.405247
5,23,11.75528946
5,23,15.29169817
5,23,17.97875044
5,23,23.12695687
5,23,5.11224872
5,23,5.86760869
5,23,34.17228872
5,23,45.33554608
5,23,11.40159943
5,23,9.89513198
5,23,25.85402583
5,23,5.62053079
5,23,9.49563747
