5,5,62.26076318
5,5,118.7004096
5,5,70.88570162
5,5,85.08847574
5,5,121.62413251
5,5,57.11264856
5,5,14.44569827
5,5,78.15800172
5,5,142.39583582
5,5,34.43683146
5,5,43.45009669
5,5,125.46839667
5,5,58.28597158
5,5,81.49640023
5,5,11.95018897
5,5,37.40776701
5,5,89.5949795
5,5,90.63963986
5,5,71.96824121
5,5,8.47027632
5,5,104.35677894
5,5,137.56845848
5,5,45.78091097
5,5,20.65833837
5,5,37.95353712
5,5,148.52961397
5,5,90.00650016
5,5,45.62710033
5,5,10.25377546
5,5,84.2440894
5,5,64.57212576
5,5,30.7800206
5,5,40.87784404
5,5,56.19667232
5,5,70.30431885
5,5,118.69989989
5,5,162.91055408
5,5,153.52002281
5,5,148.58453853
5,5,153.08464201
5,5,65.48357666
5,5,21.33332157
5,5,34.43999176
5,5,86.1688224
5,5,7.59396872
5,5,97.95374786
5,5,16.68254859
5,5,29.35011419
5,5,32.22823602
5,5,109.73359357
