3,21,418.1793998
3,21,443.76033407
3,21,363.58243352
3,21,402.22652464
3,21,452.7176849
3,21,368.92494084
3,21,384.2973218
3,21,403.61863227
3,21,384.98592381
3,21,302.29929644
3,21,434.0913051
3,21,427.77831703
3,21,369.67753896
3,21,406.57928837
3,21,342.8383187
3,21,373.52279299
3,21,351.96509695
3,21,311.84268312
3,21,391.96169066
3,21,352.76748908
3,21,408.62234984
3,21,415.82571876
3,21,360.75013466
3,21,394.61836072
3,21,442.67589416
3,21,429.32018048
3,21,335.3698833
3,21,372.40388008
3,21,353.76122983
3,21,433.16138288
