5,1,18.27104482
5,1,102.50008512
5,1,10.86321353
5,1,19.80368346
5,1,169.79441191
5,1,173.17424123
5,1,149.62944328
5,1,222.13436329
5,1,56.37055625
5,1,34.25838403
5,1,21.73975693
5,1,33.76695773
5,1,162.01424407
5,1,87.15310684
5,1,46.60518551
5,1,67.19383658
5,1,50.35484051
5,1,114.90256169
5,1,0.94378707
5,1,2.8217604
5,1,80.90070814
5,1,67.07389563
5,1,68.61838473
5,1,140.38055891
5,1,4.29154343
5,1,161.13339629
5,1,16.70274689
5,1,5.90681399
5,1,179.56793475
5,1,9.71315176
5,1,33.86722441
5,1,271.15071534
5,1,120.51800142
5,1,48.42754982
5,1,9.41057068
5,1,33.26713358
5,1,30.2507013
5,1,28.05778342
5,1,0.23710892
5,1,155.37521556
5,1,60.19752639
5,1,58.48014989
5,1,1.30916815
5,1,12.75668045
5,1,47.33105173
5,1,37.01503775
5,1,96.75576472
5,1,52.93485334
5,1,45.70590257
5,1,12.89853494
