3,4,1856.88166237
3,4,324.49918929
3,4,467.73183241
3,4,4602.03814129
3,4,819.84669038
3,4,341.90689031
3,4,448.4374584
3,4,477.06278483
3,4,7853.05436866
3,4,7288.14896347
3,4,222.97966933
3,4,976.23497337
3,4,133.42335399
3,4,2308.69699686
3,4,5049.78688153
3,4,893.44028612
3,4,348.76195465
3,4,8175.12405367
3,4,436.6570097
3,4,350.18121455
3,4,1334.95801993
3,4,8038.88030386
3,4,487.22159876
3,4,1160.18945956
3,4,129.45859407
3,4,192.23716583
3,4,1226.23242848
3,4,5546.94519486
3,4,4111.80083148
3,4,259.4365401
