3,24,150.87868134
3,24,178.02686694
3,24,111.12916861
3,24,139.29723351
3,24,91.94762742
3,24,186.94039278
3,24,210.87208574
3,24,235.67530216
3,24,88.48737728
3,24,184.48034163
3,24,357.45781327
3,24,259.1038399
3,24,229.4091869
3,24,254.56596133
3,24,172.34896012
3,24,216.37773966
3,24,168.82658722
3,24,160.30649323
3,24,110.12168532
3,24,247.35919486
3,24,138.0293443
3,24,303.08046674
3,24,223.15245818
3,24,197.64390811
3,24,102.21772707
3,24,265.39355993
3,24,74.76462618
3,24,335.09987743
3,24,248.08268147
3,24,196.1798343
