3,20,27397.9652492
3,20,6478.37231508
3,20,2577.15082566
3,20,58433.26824694
3,20,6977.87780962
3,20,15479.2657155
3,20,40000.93415189
3,20,7694.30258978
3,20,13512.89562254
3,20,46756.08445389
3,20,52622.12042134
3,20,13959.34031314
3,20,264.64441145
3,20,216.60811042
3,20,17408.33577387
3,20,71310.33843558
3,20,38163.01078081
3,20,134691.79916593
3,20,11110.51405129
3,20,71756.64584104
3,20,9035.74632518
3,20,33290.52827953
3,20,104036.93862593
3,20,28743.57690914
3,20,3452.62947978
3,20,10865.82458271
3,20,9671.26478205
3,20,27581.28359534
3,20,29133.87153597
3,20,13305.71715195
