3,9,2520.18648312
3,9,161.70621238
3,9,2315.93648353
3,9,2636.69732069
3,9,8404.90165426
3,9,1289.78599279
3,9,96421.88638658
3,9,17855.23588301
3,9,11974.67421448
3,9,137187.99121533
3,9,3622.57698312
3,9,55240.86603159
3,9,16577.74017164
3,9,17585.84924364
3,9,5372.80334764
3,9,4657.90571793
3,9,20593.17919447
3,9,6681.76986086
3,9,3218.07648185
3,9,60121.04779083
3,9,12874.73379056
3,9,3583.54185745
3,9,10734.26723916
3,9,55146.04582249
3,9,699.75034972
3,9,621.93079526
3,9,45367.51816951
3,9,11847.04075056
3,9,5141.53685475
3,9,911.51064576
