5,10,5434369.7454771
5,10,1584614.70881358
5,10,576890.29585241
5,10,20335753.97300702
5,10,35204011.87560435
5,10,6512079.56458905
5,10,41860454.88325447
5,10,48348549.68085241
5,10,4097032.67093717
5,10, 1.41265472e+08
5,10,12767553.03259366
5,10,10992150.48135191
5,10,15743132.48860946
5,10,22342510.87390865
5,10,4719813.48436537
5,10,15910989.7771042
5,10,1680181.97970281
5,10,5179362.20129046
5,10,785087.53712982
5,10,1833060.01524946
5,10,4699541.17698326
5,10,383179.95524802
5,10,7872366.14058846
5,10,11053084.49402535
5,10,3537388.57692347
5,10,7721698.22009348
5,10,14756327.10032278
5,10,19252414.09463464
5,10,806801.90003528
5,10,915326.68796792
5,10,13723294.66461385
5,10,3044044.56454954
5,10,8489643.88031569
5,10,15911277.41934466
5,10,50204780.26839573
5,10,14459260.44857093
5,10,23750941.94300604
5,10,34864634.19655892
5,10,2240184.81699026
5,10,30149309.49250309
5,10,20306505.64856857
5,10,21669428.12205618
5,10,7734356.98456808
5,10,1895250.38278546
5,10,4921193.09129963
5,10,37786608.67416468
5,10,13416624.85626815
5,10,8414192.24522616
5,10,14615271.03054215
5,10,11167605.73898952
