5,19,1029.6220936
5,19,1021.83126644
5,19,1057.39473746
5,19,1066.00401459
5,19,1104.62451247
5,19,1035.31980508
5,19,1047.43637123
5,19,1072.60095406
5,19,1066.45894245
5,19,1080.43754849
5,19,1055.29351567
5,19,1034.13774209
5,19,1037.78286238
5,19,1138.34992035
5,19,1077.83098254
5,19,1030.6716449
5,19,1071.99734467
5,19,1057.6414331
5,19,1100.79360818
5,19,1071.56788007
5,19,1105.04801471
5,19,1067.47103333
5,19,1077.17663064
5,19,1128.74201943
5,19,1266.57556908
5,19,1078.53231751
5,19,1216.46336835
5,19,1071.7516404
5,19,1139.55720791
5,19,1081.70131544
5,19,1190.49798792
5,19,1044.5744308
5,19,1385.11366323
5,19,1204.18194959
5,19,1098.12703276
5,19,1054.20342675
5,19,1093.30130796
5,19,1120.5416912
5,19,1046.47759072
5,19,1033.10716226
5,19,1029.24729198
5,19,1036.71861761
5,19,1026.85126573
5,19,1039.65279547
5,19,1061.3767036
5,19,1186.44810947
5,19,1129.83765213
5,19,1060.2709243
5,19,1130.44828462
5,19,1034.69756575
