3,19,57.56789856
3,19,25.9056263
3,19,62.92079788
3,19,120.92343982
3,19,47.58983164
3,19,199.3509237
3,19,0.20284879
3,19,134.30753039
3,19,57.30975708
3,19,65.2196112
3,19,51.27860735
3,19,20.30912753
3,19,180.10193036
3,19,64.96226721
3,19,77.01518823
3,19,65.75232523
3,19,10.53282158
3,19,38.13169356
3,19,64.42410832
3,19,36.68359055
3,19,16.21785328
3,19,37.45762398
3,19,30.80659379
3,19,42.27771605
3,19,48.98038331
3,19,15.70137759
3,19,61.97418904
3,19,18.8149089
3,19,5.61839681
3,19,14.94149331
