3,11,6469131.61413374
3,11,5306322.06652348
3,11,2491869.16368661
3,11,6620900.11080288
3,11,13734449.26880875
3,11,1911531.92437519
3,11,37893369.47211348
3,11,13492845.78061638
3,11,2871239.85488837
3,11,2093244.04212066
3,11,3309203.03245719
3,11,41772687.14295953
3,11,16204355.24015741
3,11,2211565.12179574
3,11,551213.5314534
3,11,951965.33832898
3,11,3922494.57208891
3,11,16117680.13849105
3,11,2385898.41187091
3,11,2017373.67614756
3,11,5312360.82099632
3,11,23245043.77633924
3,11,1813950.0751657
3,11,6705291.47123129
3,11,20769233.41773364
3,11,3933860.83093735
3,11,5667806.56212818
3,11,6921568.31384838
3,11,34438259.78865629
3,11,19091959.20385297
