3,6,29367.84848081
3,6,45717.76154005
3,6,10811.4214434
3,6,133012.3726141
3,6,28396.01739957
3,6,208114.07990163
3,6,10504.60919147
3,6,18311.94766996
3,6,32995.44393168
3,6,15243.27840569
3,6,7252.49811435
3,6,16816.64890739
3,6,10492.41894011
3,6,25111.31979668
3,6,28878.11078008
3,6,193111.89273972
3,6,41976.08061669
3,6,417531.89307492
3,6,29069.69154217
3,6,29146.85813622
3,6,13937.58861633
3,6,58364.75180953
3,6,210988.2631529
3,6,22683.06400967
3,6,46392.66403148
3,6,10101.03531932
3,6,70197.00713728
3,6,373931.23139676
3,6,22583.11074637
3,6,11829.48758858
