5,4,5896.73021081
5,4,99.47100718
5,4,159.12152106
5,4,75.30931925
5,4,173.66383185
5,4,443.42843838
5,4,137.77240596
5,4,4426.34524034
5,4,441.39054791
5,4,555.10615464
5,4,502.1387671
5,4,2507.75184908
5,4,5730.76284571
5,4,1368.333312
5,4,39.80666743
5,4,3639.42704451
5,4,738.50039515
5,4,1455.99668293
5,4,110.28408602
5,4,732.83020921
5,4,648.82530402
5,4,2234.76544464
5,4,952.84462299
5,4,5006.35213353
5,4,1340.60334868
5,4,646.59714823
5,4,661.45714026
5,4,2288.0999062
5,4,448.49094476
5,4,862.52987087
5,4,567.20896911
5,4,330.9232643
5,4,3.25503883
5,4,1479.9387512
5,4,166.19721261
5,4,2225.30680277
5,4,401.84424306
5,4,3262.29205538
5,4,5226.69666592
5,4,139.84155407
5,4,236.86312994
5,4,1001.95366273
5,4,1128.58913352
5,4,214.72320522
5,4,260.75418544
5,4,271.52517502
5,4,4723.03235852
5,4,75.88648227
5,4,276.94002032
5,4,328.54628948
