3,9,7702.1785151
3,9,3674.57783388
3,9,38266.89063972
3,9,72805.42637125
3,9,22084.37561589
3,9,24182.6485909
3,9,314.52771019
3,9,101914.75091969
3,9,3074.8050597
3,9,31819.30892928
3,9,142358.52656273
3,9,236868.86340515
3,9,35871.68737051
3,9,23177.70085506
3,9,12614.0278297
3,9,10152.20158624
3,9,3133.90698476
3,9,4885.18245833
3,9,26811.12448508
3,9,11081.12341386
3,9,21744.53690189
3,9,15417.0087584
3,9,29416.03510586
3,9,441.73675919
3,9,23225.79993506
3,9,26853.44163884
3,9,209967.06802597
3,9,4616.1395628
3,9,19083.20003497
3,9,56305.83661133
