3,3,383.50692541
3,3,201.46518769
3,3,392.22989811
3,3,776.10426834
3,3,990.69486646
3,3,209.67563931
3,3,819.70353017
3,3,594.163285
3,3,555.60241058
3,3,274.54892655
3,3,722.0796965
3,3,320.4674429
3,3,368.56061671
3,3,532.26225579
3,3,477.77003914
3,3,353.30713715
3,3,584.35529879
3,3,766.46137558
3,3,257.51965595
3,3,346.44463008
3,3,426.60356938
3,3,1151.86801651
3,3,416.34808909
3,3,418.43211756
3,3,1046.09837989
3,3,307.61665099
3,3,376.78511454
3,3,432.51311721
3,3,345.75334374
3,3,964.89946404
