5,17,280.75421646
5,17,265.44630486
5,17,277.79411651
5,17,235.75798948
5,17,300.09282826
5,17,263.280102
5,17,306.26994979
5,17,265.05409726
5,17,278.57921238
5,17,277.49016246
5,17,286.69133731
5,17,276.97164596
5,17,254.90049495
5,17,260.58072767
5,17,292.66768023
5,17,282.69687807
5,17,255.81315062
5,17,307.12998287
5,17,274.23813151
5,17,251.11227795
5,17,304.97604405
5,17,263.93352411
5,17,292.29329931
5,17,285.08275983
5,17,292.29774675
5,17,282.62581061
5,17,244.02712925
5,17,271.69160284
5,17,240.4259089
5,17,316.38661319
5,17,255.13331552
5,17,284.22424615
5,17,265.22961702
5,17,298.62572746
5,17,256.78626714
5,17,293.22483098
5,17,296.97394143
5,17,304.23250931
5,17,285.89160666
5,17,296.43489404
5,17,257.38446009
5,17,290.24463933
5,17,305.56679664
5,17,285.33174777
5,17,274.07905707
5,17,247.43603465
5,17,307.23292801
5,17,260.40069992
5,17,290.58534902
5,17,279.57750027
