3,10,2992142.82168474
3,10,51009566.68677895
3,10,43043921.76630341
3,10,23604977.34302807
3,10,52039114.72535389
3,10,5547232.10046383
3,10,7351966.80734825
3,10,1935480.31871757
3,10,4578318.81524883
3,10,2426600.25024443
3,10,59583925.07585829
3,10,40129673.03227741
3,10,2336770.78960857
3,10,74430192.83024843
3,10,73577792.87599491
3,10,25507926.46976541
3,10,3239149.83818714
3,10,60659615.90112678
3,10,1275889.63049719
3,10,8663680.36226092
3,10,65936968.1136528
3,10,4924962.56712655
3,10,2658234.77568594
3,10,9236848.27834806
3,10,1449701.19987885
3,10,25951650.18696782
3,10,8398189.63721118
3,10,63450577.45251797
3,10,11271169.26326266
3,10,156157.070809
