5,13,770.29854004
5,13,2496.64230832
5,13,1391.26920516
5,13,882.98605409
5,13,2079.09382697
5,13,2998.52664192
5,13,2590.29004487
5,13,193.86489745
5,13,2321.12982796
5,13,1825.621584
5,13,418.79896665
5,13,1309.55219594
5,13,271.4445887
5,13,1453.15919288
5,13,464.00749278
5,13,1463.12432149
5,13,1212.8002724
5,13,526.15130362
5,13,625.90304558
5,13,2302.17643404
5,13,800.97657965
5,13,1353.28858315
5,13,1436.50604278
5,13,526.25034433
5,13,698.5016948
5,13,2788.4860457
5,13,884.6795807
5,13,531.90892137
5,13,2925.89979407
5,13,442.24023117
5,13,1465.19387947
5,13,457.7080157
5,13,1794.68541583
5,13,1877.06302527
5,13,535.71284188
5,13,811.65006742
5,13,2644.89793726
5,13,893.98638091
5,13,676.37284801
5,13,186.3318668
5,13,1498.89438442
5,13,508.86417311
5,13,2292.70859483
5,13,2487.12580391
5,13,819.02502546
5,13,74.54640955
5,13,906.96654685
5,13,2347.08115655
5,13,1273.27085333
5,13,2375.26726294
