3,2,1266141.89062698
3,2,12967554.88175275
3,2,30982814.66872087
3,2,36382528.61784171
3,2,27250395.25603046
3,2,60999969.02759805
3,2,22137867.81767763
3,2,44077999.78315749
3,2,35190725.028635
3,2,12029085.01886555
3,2,20265324.77219307
3,2,9750820.12582323
3,2,10522874.35666961
3,2,15886992.64361795
3,2,21015475.58216234
3,2,7673064.20897651
3,2,2286841.56881988
3,2,28781834.63516907
3,2,76893.70154116
3,2,19460443.14676984
3,2,5069045.13455289
3,2,11820503.25205383
3,2,3356095.15102979
3,2,2142091.52891161
3,2,3829786.15742947
3,2,12748288.74820206
3,2,7910230.59478995
3,2,1018558.93416631
3,2,218375.13993113
3,2,32717182.60909997
