3,14,432.96684727
3,14,518.11762183
3,14,395.39455678
3,14,454.41616328
3,14,357.7947007
3,14,388.76430239
3,14,427.45291792
3,14,408.06923267
3,14,426.1225644
3,14,427.89162057
3,14,560.16724481
3,14,510.17889338
3,14,379.64213224
3,14,423.76698132
3,14,446.09526967
3,14,341.12633377
3,14,432.12947491
3,14,448.96026418
3,14,437.14223223
3,14,411.73602768
3,14,565.26846434
3,14,459.67457375
3,14,452.12112459
3,14,447.51196741
3,14,377.59306947
3,14,447.44700431
3,14,357.15966964
3,14,362.81521393
3,14,400.06035784
3,14,659.79957388
