3,5,542.08061397
3,5,556.55119083
3,5,590.92031477
3,5,680.67082512
3,5,543.27210381
3,5,618.17806209
3,5,583.45136073
3,5,544.89046588
3,5,522.94726284
3,5,662.79101805
3,5,589.09162138
3,5,613.95028146
3,5,567.2816693
3,5,621.33014453
3,5,499.41544841
3,5,684.99006245
3,5,616.95910266
3,5,583.83843085
3,5,605.4594851
3,5,553.72988775
3,5,649.96786514
3,5,552.7432251
3,5,593.42665222
3,5,530.70293278
3,5,615.07052941
3,5,542.10646985
3,5,557.42590468
3,5,557.04427429
3,5,636.96187352
3,5,540.14927636
