5,8,31648.1571649
5,8,324687.97394596
5,8,41608.85923804
5,8,181312.97858123
5,8,143508.8004651
5,8,28540.6851112
5,8,204907.90484419
5,8,273972.28509667
5,8,61317.34018498
5,8,41719.27515796
5,8,18101.8405615
5,8,158048.68158824
5,8,10630.79388007
5,8,45149.13003845
5,8,25.26598565
5,8,123526.7965617
5,8,226.57177298
5,8,38306.23978499
5,8,323501.34398362
5,8,398126.32185748
5,8,41222.94284616
5,8,125317.40900648
5,8,33230.86940659
5,8,28721.10582836
5,8,599451.81374121
5,8,35449.48159826
5,8,67369.95385555
5,8,78357.63957891
5,8,65878.51983964
5,8,359107.08178719
5,8,282148.2598174
5,8,6335.55988704
5,8,28330.99869063
5,8,495284.10285537
5,8,191427.61042804
5,8,59380.31553758
5,8,114001.85255025
5,8,54530.89564239
5,8,83521.69664115
5,8,62459.92735771
5,8,47897.08734662
5,8,124961.66372373
5,8,17810.20966326
5,8,103308.43311936
5,8,73363.52973203
5,8,267294.90744199
5,8,125573.64025598
5,8,4929.67663087
5,8,187073.78171743
5,8,82334.73983312
