5,8,54749.34789732
5,8,53217.12589766
5,8,116262.62688841
5,8,134275.00525639
5,8,85507.84549936
5,8,107501.77301602
5,8,49940.60198667
5,8,156233.05764101
5,8,145270.013253
5,8,11801.0235291
5,8,57506.98165451
5,8,6924.66121197
5,8,35609.77979734
5,8,37575.21679251
5,8,20054.94793166
5,8,13353.75341316
5,8,150818.52386776
5,8,30159.90309586
5,8,48125.15570138
5,8,8034.73420318
5,8,5574.4185237
5,8,43468.75895551
5,8,32724.51471767
5,8,8061.80618968
5,8,44297.7753887
5,8,3897.39407115
5,8,20631.4728379
5,8,12449.81461751
5,8,17709.22661201
5,8,17287.14230897
5,8,159208.88639046
5,8,17924.49897403
5,8,48931.65063001
5,8,19317.08433325
5,8,176707.869797
5,8,117305.37825271
5,8,20443.04962651
5,8,144252.11920365
5,8,43098.77042862
5,8,5995.26902396
5,8,93194.77479698
5,8,202412.23523796
5,8,36331.23596982
5,8,151.18957519
5,8,13972.05535305
5,8,4036.1040608
5,8,163639.69340973
5,8,11632.26061843
5,8,38539.42025743
5,8,20232.43021443
