5,13,2206.66099626
5,13,1903.28539144
5,13,666.77727848
5,13,1815.57841151
5,13,1709.92201449
5,13,1420.54385752
5,13,1115.86249383
5,13,1471.7088144
5,13,1472.86570569
5,13,709.38980722
5,13,2287.27526035
5,13,430.45620103
5,13,914.02023575
5,13,359.02478655
5,13,169.66915587
5,13,172.56404497
5,13,681.63477764
5,13,1726.17153695
5,13,236.30297872
5,13,300.92734106
5,13,1122.64345203
5,13,1639.13085633
5,13,1433.55668112
5,13,2128.64097929
5,13,609.89196101
5,13,2730.90353508
5,13,405.42088242
5,13,677.79391057
5,13,2145.50859675
5,13,570.44275306
5,13,1214.29248856
5,13,941.84694982
5,13,16.37430407
5,13,823.87313644
5,13,1395.13158738
5,13,1814.10074686
5,13,933.56885936
5,13,207.72972836
5,13,452.02507141
5,13,1608.08425098
5,13,1145.48310417
5,13,1290.43212503
5,13,236.67555468
5,13,944.16801704
5,13,1176.47928591
5,13,828.75224291
5,13,752.84344205
5,13,30.18446982
5,13,468.95350113
5,13,201.63546703
