3,23,181.38323529
3,23,121.86701378
3,23,124.59665478
3,23,111.81151626
3,23,103.34576057
3,23,105.440791
3,23,77.36918489
3,23,103.1697581
3,23,124.74607134
3,23,96.42654945
3,23,130.4458884
3,23,92.57234723
3,23,114.82338779
3,23,91.23250087
3,23,125.95677534
3,23,166.62193823
3,23,107.35285167
3,23,101.25670917
3,23,87.11951973
3,23,122.76082695
3,23,77.50309667
3,23,114.42785785
3,23,96.06377641
3,23,145.94478946
3,23,63.45236221
3,23,128.24605736
3,23,111.30694681
3,23,104.71865368
3,23,102.16185273
3,23,136.22329608
