5,18,190.66280069
5,18,19.45715194
5,18,26.67009728
5,18,47.44369597
5,18,30.5094872
5,18,2124.11851268
5,18,70.6944613
5,18,25.46144974
5,18,881.61014843
5,18,1.00766202
5,18,132.97042241
5,18,4.55826032
5,18,102.14261992
5,18,194.47666782
5,18,118.19497085
5,18,102.15739659
5,18,17.60270986
5,18,68.13285421
5,18,21.33615598
5,18,154.17883884
5,18,522.94461791
5,18,35.63114893
5,18,0.33845386
5,18,17.43638803
5,18,97.63382969
5,18,35.90962987
5,18,77.28912883
5,18,8.68499857
5,18,100.02996052
5,18,510.63742441
5,18,72.54582583
5,18,71.5488448
5,18,314.39999725
5,18,110.87268313
5,18,64.62717225
5,18,88.78547712
5,18,3976.8257192
5,18,173.94878528
5,18,59.86023335
5,18,66.55247991
5,18,18.50423777
5,18,116.18515618
5,18,98.76211852
5,18,101.70936538
5,18,88.8274863
5,18,152.95947436
5,18,307.6323343
5,18,125.0209517
5,18,24.4843251
5,18,132.51891335
