5,24,108.07732487
5,24,70.93053642
5,24,186.29428127
5,24,58.75486687
5,24,21.80286011
5,24,21.00507388
5,24,47.92517802
5,24,8.97330413
5,24,214.32080482
5,24,47.67233345
5,24,38.56497364
5,24,26.64803909
5,24,28.3349228
5,24,48.22830017
5,24,121.86096907
5,24,1.80970652
5,24,39.3050174
5,24,7.5554446
5,24,76.79768785
5,24,223.06346239
5,24,14.65124725
5,24,55.95650882
5,24,44.87721258
5,24,158.94611273
5,24,62.40472137
5,24,115.68918948
5,24,88.3772823
5,24,80.09707965
5,24,36.8924464
5,24,68.06125457
5,24,183.80258518
5,24,32.58172591
5,24,78.92907441
5,24,53.46551794
5,24,32.43416875
5,24,103.20879643
5,24,270.73580816
5,24,80.70169295
5,24,124.45479535
5,24,112.82981865
5,24,50.25460736
5,24,46.37947734
5,24,84.45702049
5,24,0.81838721
5,24,158.71891501
5,24,0.93531274
5,24,42.66757032
5,24,59.07491947
5,24,81.14095546
5,24,139.60924618
