5,11,23114054.67362158
5,11,652131.69448988
5,11,7955304.29956844
5,11,2944598.48515995
5,11,29024720.56580596
5,11,15347401.27185051
5,11,30830146.98297123
5,11,26595437.93826809
5,11,65117679.24683665
5,11,57044003.73065098
5,11,5208310.56282531
5,11,8959538.35645575
5,11,15386312.76370182
5,11,3539449.33755655
5,11,57718880.69827504
5,11,3488323.16514575
5,11,58063242.31382471
5,11,880296.66043671
5,11,54775868.92817673
5,11,2663907.24488077
5,11,943673.07736078
5,11,4852628.46546925
5,11,1416460.74113404
5,11,12306587.10402443
5,11,563491.48398969
5,11,10575688.72806053
5,11,26787658.9544943
5,11,39775248.67803445
5,11,2329197.54934601
5,11,3957422.17041283
5,11,1863982.09023111
5,11,5728365.88956924
5,11,33216392.54489537
5,11,48729686.80772591
5,11,15789898.90910443
5,11,744543.90576947
5,11,22579047.60180128
5,11,26796076.7466098
5,11,21091703.27357802
5,11,49777571.89853453
5,11,465113.78656492
5,11,21579435.14182968
5,11,20911224.28287942
5,11,18468137.24110948
5,11,3847128.13681008
5,11,37662301.37999254
5,11,8175548.46715764
5,11,22769363.51595683
5,11,19680744.07275691
5,11,1603470.44210346
