3,12, 5.58211419e+10
3,12, 3.14642589e+09
3,12, 4.74137394e+08
3,12, 1.18684862e+08
3,12, 3.10739579e+08
3,12, 1.42446588e+11
3,12, 1.09633682e+08
3,12,76878895.31498329
3,12, 1.91802325e+09
3,12, 3.68914569e+08
3,12, 1.21109248e+10
3,12, 2.66004800e+08
3,12, 1.60210007e+08
3,12, 7.26451964e+09
3,12, 1.85278641e+09
3,12, 5.48767338e+08
3,12, 5.48721862e+09
3,12, 5.77092748e+09
3,12, 6.91968031e+08
3,12, 5.78621880e+08
3,12,73553950.56275636
3,12, 1.12742341e+10
3,12, 3.81618798e+08
3,12, 1.40253542e+08
3,12, 2.75253019e+10
3,12, 1.19806983e+09
3,12, 2.94894271e+08
3,12, 2.83349998e+09
3,12, 4.01453823e+09
3,12, 4.66795526e+08
