3,12, 1.29720722e+08
3,12,64591191.65017124
3,12, 5.60554888e+09
3,12,31958365.38349257
3,12,28443276.68921235
3,12,89431177.4239738
3,12, 2.26486215e+08
3,12, 1.28991141e+08
3,12, 2.30265660e+08
3,12, 1.76100586e+09
3,12,87561598.48741435
3,12, 9.69976570e+10
3,12, 1.48715365e+08
3,12, 1.52748664e+08
3,12, 8.95954073e+09
3,12, 5.14120484e+09
3,12, 6.11153908e+09
3,12,44941139.62308057
3,12,28002632.31171328
3,12, 1.11287005e+08
3,12, 1.22548390e+08
3,12, 1.61034106e+10
3,12,53762792.37803555
3,12, 5.58951827e+08
3,12, 7.45223271e+09
3,12,75523707.70163269
3,12, 1.22551436e+09
3,12, 2.70914497e+08
3,12, 2.28760280e+10
3,12, 2.22754982e+10
