3,10,931251.71049196
3,10,1634729.016132
3,10,283544.38736542
3,10,643280.56412552
3,10,1162509.86823054
3,10,486508.18625362
3,10,1903111.28972575
3,10,24422506.73326147
3,10,2153093.42213939
3,10,2590497.92027532
3,10,11497110.2355137
3,10,5440780.88994786
3,10,604056.21046982
3,10,7281669.63691872
3,10,3802894.29188567
3,10,3285828.31832369
3,10,5223821.87009003
3,10,5481315.06475081
3,10,4848155.06811201
3,10,2465841.48539344
3,10,5375529.82710727
3,10,229084.31576359
3,10,485436.06290892
3,10,36814134.04551115
3,10,2622910.0616054
3,10,2264419.88822168
3,10,10565276.47541831
3,10,5891619.34998281
3,10,22857810.27262849
3,10,7378810.33763199
