3,1,434.21366035
3,1,301.17564548
3,1,403.33054587
3,1,407.82111514
3,1,397.7253524
3,1,513.31975913
3,1,488.22285762
3,1,482.60916451
3,1,435.06321664
3,1,344.8669025
3,1,447.91555803
3,1,511.8933944
3,1,376.65007518
3,1,517.82967731
3,1,503.02964452
3,1,326.56245942
3,1,439.8555781
3,1,415.71429893
3,1,389.44896321
3,1,406.83312828
3,1,394.37765007
3,1,481.99098396
3,1,461.66449368
3,1,389.15394681
3,1,488.71673746
3,1,479.56428655
3,1,419.74309094
3,1,469.75517066
3,1,498.90901969
3,1,421.28750914
