3,18,174.75938787
3,18,162.87526245
3,18,816.76810607
3,18,410.47549874
3,18,201.2101157
3,18,267.65973699
3,18,424.08472579
3,18,260.87677557
3,18,479.73660855
3,18,233.08874332
3,18,547.31075315
3,18,220.10978255
3,18,180.34745664
3,18,132.21140429
3,18,83.66429974
3,18,239.93651639
3,18,318.55759157
3,18,91.96751264
3,18,225.61772501
3,18,352.89683724
3,18,385.35336654
3,18,453.90869636
3,18,186.57081109
3,18,137.95137055
3,18,633.59043064
3,18,566.8744448
3,18,145.17751986
3,18,13.65785436
3,18,313.65854313
3,18,253.61798808
