3,11,61210711.99060061
3,11,50637092.72663272
3,11,27755229.90641611
3,11,55025411.06565335
3,11,12061066.68000845
3,11,15922759.22777013
3,11,37936203.19300795
3,11,11329661.95811279
3,11,9604574.45089453
3,11,25627262.61120411
3,11,2284143.97274904
3,11,23142281.11182711
3,11,17372680.26630623
3,11,29600188.28094405
3,11,702874.57439195
3,11,65679563.10433342
3,11,33869348.70558562
3,11,49086243.5248725
3,11,8530578.97181015
3,11,11689596.79736028
3,11,65722428.80338217
3,11,520168.56488406
3,11,1402900.78257886
3,11,901968.7687101
3,11,38306679.46952551
3,11,45550051.45807943
3,11,21818841.59186441
3,11,13788256.53829112
3,11,8873948.68473659
3,11,8967927.73775642
