5,4,794.2084145
5,4,18.52296413
5,4,242.29885769
5,4,1271.29019576
5,4,483.14316879
5,4,1053.92725699
5,4,151.29179761
5,4,405.9460683
5,4,2243.60069158
5,4,106.78126496
5,4,2739.19003848
5,4,646.12987406
5,4,102.22677058
5,4,224.38679887
5,4,13.88533099
5,4,6989.48829995
5,4,92.99317185
5,4,3124.35606005
5,4,3491.11537559
5,4,156.37509408
5,4,369.03193645
5,4,1654.14215828
5,4,321.91304893
5,4,5019.46893098
5,4,1110.94603671
5,4,487.26923623
5,4,220.73181647
5,4,1052.01729322
5,4,246.49318204
5,4,479.06274421
5,4,623.46101781
5,4,33.67416549
5,4,234.38164877
5,4,43.06198198
5,4,30.10649859
5,4,5397.26174717
5,4,775.1064134
5,4,569.20379779
5,4,747.40201858
5,4,700.46464018
5,4,41.56175909
5,4,1819.14382625
5,4,1488.90378098
5,4,615.02072545
5,4,1635.70193048
5,4,4896.14387088
5,4,66.36741551
5,4,41.27197942
5,4,370.1612399
5,4,389.52684197
