5,7,671.09040654
5,7,23.05636793
5,7,191.4312426
5,7,268.89798247
5,7,160.78685054
5,7,804.90899116
5,7,70.56317897
5,7,801.16958821
5,7,754.66119126
5,7,211.99402237
5,7,111.53642676
5,7,250.37498206
5,7,918.76156655
5,7,885.2263655
5,7,192.99450792
5,7,452.95088122
5,7,625.89553768
5,7,346.07985264
5,7,92.56582915
5,7,288.94244981
5,7,478.93037948
5,7,149.01099494
5,7,218.74685494
5,7,131.64521357
5,7,129.45825908
5,7,404.9898249
5,7,495.33568645
5,7,258.44387971
5,7,693.8882822
5,7,9.39272322
5,7,236.93421224
5,7,880.28694016
5,7,32.22129408
5,7,394.59371782
5,7,57.58633791
5,7,136.97584468
5,7,154.24153845
5,7,735.10396917
5,7,141.63815066
5,7,126.98675685
5,7,834.34073665
5,7,57.65898236
5,7,1572.48539761
5,7,119.31171298
5,7,273.55571988
5,7,25.81129813
5,7,671.47996852
5,7,104.52507245
5,7,658.14354545
5,7,264.18823063
