3,3,358.44522796
3,3,731.02398078
3,3,418.46873837
3,3,298.66674914
3,3,753.86464991
3,3,236.5988006
3,3,565.74513304
3,3,490.11449331
3,3,471.33609655
3,3,963.51763132
3,3,640.9484684
3,3,500.74087302
3,3,556.66282353
3,3,573.80401921
3,3,250.95806061
3,3,322.60413446
3,3,187.36723396
3,3,417.33178081
3,3,365.47384886
3,3,662.33595504
3,3,867.78500657
3,3,753.93513437
3,3,693.62099503
3,3,561.31952028
3,3,320.0075597
3,3,644.16352415
3,3,614.8222627
3,3,834.65067307
3,3,553.87271036
3,3,623.99998231
