3,22,1931.18971752
3,22,716.51752052
3,22,1693.32399188
3,22,299.64923504
3,22,311.05251345
3,22,1109.66760498
3,22,859.64181266
3,22,714.94072065
3,22,998.51181103
3,22,334.25207628
3,22,534.4047173
3,22,567.39452264
3,22,882.02903261
3,22,982.88798964
3,22,1081.44310552
3,22,889.00980168
3,22,837.61648924
3,22,429.50744014
3,22,560.35117771
3,22,299.19343536
3,22,947.75707712
3,22,1071.13117115
3,22,457.02122814
3,22,585.69716634
3,22,489.63595002
3,22,228.78071706
3,22,1174.83257685
3,22,157.63775004
3,22,419.94102628
3,22,548.70654371
