5,4,897.78974182
5,4,514.02445588
5,4,188.90709151
5,4,156.43013292
5,4,280.42500382
5,4,79.74339505
5,4,367.11164969
5,4,735.25317035
5,4,733.54269875
5,4,207.79190131
5,4,231.8115355
5,4,642.17361609
5,4,349.57488712
5,4,266.16610473
5,4,103.06951693
5,4,247.67097265
5,4,151.33725033
5,4,39.19874072
5,4,188.14423064
5,4,621.28356133
5,4,128.92212819
5,4,40.74658137
5,4,308.15817178
5,4,735.29370342
5,4,366.38334079
5,4,270.31157566
5,4,620.14108783
5,4,792.630608
5,4,408.94794554
5,4,736.24930743
5,4,489.35815643
5,4,1381.45644574
5,4,375.09918461
5,4,256.01611538
5,4,655.50562497
5,4,681.36192802
5,4,848.3379666
5,4,684.88872637
5,4,378.28750085
5,4,235.89530807
5,4,599.59055804
5,4,1174.91555322
5,4,691.12283551
5,4,1022.05422452
5,4,533.93538383
5,4,735.49364856
5,4,356.23260454
5,4,35.24841482
5,4,528.80051557
5,4,384.57649514
