3,6,10407.13666503
3,6,33857.10584083
3,6,125650.65720894
3,6,2202.29443138
3,6,157393.86273849
3,6,9059.61935397
3,6,132768.97830102
3,6,69099.03493826
3,6,1177.92975258
3,6,37203.35544746
3,6,136153.23805773
3,6,79611.42377182
3,6,110874.79733417
3,6,32957.08611947
3,6,305078.21540417
3,6,20160.54333543
3,6,119333.07750348
3,6,86911.58985272
3,6,102476.71122253
3,6,297613.86462432
3,6,244844.3924677
3,6,5979.92815234
3,6,117091.21342706
3,6,71276.60895264
3,6,36442.68878651
3,6,55518.60197117
3,6,26952.69211825
3,6,23502.61241206
3,6,12935.62717642
3,6,6521.85691522
