3,14,23.0335595
3,14,117.29518339
3,14,42.27765862
3,14,88.54997233
3,14,9.99990407
3,14,48.59062167
3,14,33.2365612
3,14,100.04071916
3,14,25.95062564
3,14,74.59282167
3,14,28.30258316
3,14,130.36404856
3,14,13.22307824
3,14,69.33568098
3,14,28.34631709
3,14,122.83389311
3,14,142.77543439
3,14,116.05060029
3,14,20.91310141
3,14,78.82022019
3,14,151.98008595
3,14,99.6059228
3,14,6.22076239
3,14,13.87943211
3,14,5.99045817
3,14,132.82065049
3,14,112.81636267
3,14,87.77723732
3,14,80.918988
3,14,105.61843343
