5,4,3166.03130676
5,4,256.38785703
5,4,184.89611896
5,4,5312.02672695
5,4,442.35186181
5,4,2605.58371662
5,4,4077.24787641
5,4,929.88106399
5,4,1079.3905878
5,4,4575.79454658
5,4,2647.70922627
5,4,96.66731603
5,4,1412.34375802
5,4,415.98933917
5,4,1257.7174841
5,4,3833.17205268
5,4,650.2761878
5,4,185.17444637
5,4,4733.26073413
5,4,2624.59544546
5,4,1383.92893681
5,4,344.70526223
5,4,5194.02202201
5,4,1101.3857616
5,4,559.72676061
5,4,157.44301848
5,4,779.66977677
5,4,1475.82068002
5,4,1380.25825604
5,4,2605.89612324
5,4,171.7208762
5,4,3400.26378256
5,4,115.23807574
5,4,134.82316177
5,4,405.45740695
5,4,623.47591224
5,4,362.27370042
5,4,6158.0983537
5,4,3409.57877067
5,4,4477.11660252
5,4,1014.53658739
5,4,3119.98219656
5,4,1176.77673975
5,4,1860.08679827
5,4,4569.24148789
5,4,451.57072853
5,4,15.23283443
5,4,163.35233627
5,4,54.67430985
5,4,729.08682664
