5,1,94.23026176
5,1,106.04846003
5,1,33.04850418
5,1,150.34924453
5,1,82.0846858
5,1,193.27773934
5,1,39.02494304
5,1,133.61182647
5,1,108.36946632
5,1,64.4898117
5,1,39.39596961
5,1,8.23407779
5,1,37.05333042
5,1,52.36818143
5,1,59.60249441
5,1,50.63804189
5,1,148.50990421
5,1,57.06918663
5,1,12.3206367
5,1,31.67801458
5,1,137.88381102
5,1,126.365734
5,1,110.48029406
5,1,157.98499294
5,1,150.19066736
5,1,137.4367151
5,1,6.72434634
5,1,72.57273104
5,1,162.41943546
5,1,93.86240895
5,1,147.48618118
5,1,46.17229811
5,1,107.24395142
5,1,124.75505077
5,1,89.45142577
5,1,152.99720643
5,1,109.87236674
5,1,117.43570527
5,1,111.03629922
5,1,156.95416676
5,1,14.15262964
5,1,40.08671088
5,1,74.44063198
5,1,66.99925401
5,1,178.07150117
5,1,9.40945465
5,1,7.20119592
5,1,16.48209689
5,1,11.48147448
5,1,174.15585792
