5,2,1380321.19114338
5,2,6351908.65401727
5,2,592716.29576337
5,2,17277744.46690327
5,2,4561021.20924625
5,2,13656885.87108555
5,2,2921481.11699302
5,2,1788657.12811458
5,2,277710.41655105
5,2,3003254.45305852
5,2,3817875.65810426
5,2,1168750.53197007
5,2,493662.92967515
5,2,989970.2708245
5,2,13014104.60164363
5,2,16514742.84143454
5,2,2297768.36494319
5,2,25523335.31858975
5,2,11168068.99114362
5,2,14049256.41874707
5,2,5490190.35922294
5,2,4485244.77239708
5,2,19392463.42003832
5,2,606874.74057949
5,2,16039317.99828495
5,2,1289152.20529435
5,2,22047875.72504701
5,2,7014242.51483277
5,2,9209243.94143936
5,2,12550571.64434286
5,2,7507675.13252669
5,2,1603861.36768957
5,2,3128412.96792248
5,2,18424822.6755066
5,2,5469261.42710926
5,2,6865376.62240298
5,2,7228453.94746969
5,2,20889158.57305048
5,2,1053411.93222345
5,2,13615741.72281047
5,2,6737913.67588272
5,2,485782.66520417
5,2,2923953.55087347
5,2,4778051.00927619
5,2,2011926.54445297
5,2,7668652.93516142
5,2,41310.67498001
5,2,1951783.09852846
5,2,4694356.04394382
5,2,20481319.27284029
