3,21,49.77784107
3,21,34.69109666
3,21,0.15697497
3,21,23.83057946
3,21,11.16552659
3,21,45.47308694
3,21,43.19143746
3,21,46.65838758
3,21,59.87294582
3,21,2.62406712
3,21,59.48710335
3,21,34.49777876
3,21,0.61391988
3,21,58.56340038
3,21,24.84864018
3,21,60.77954516
3,21,98.97197166
3,21,21.37531833
3,21,30.54075347
3,21,6.87004301
3,21,44.28451634
3,21,14.68553961
3,21,37.36820785
3,21,8.94138705
3,21,33.74283711
3,21,24.85286145
3,21,13.67015887
3,21,84.16394579
3,21,9.03133293
3,21,11.25793575
