3,15,429.41589231
3,15,2095.02487799
3,15,482.30884551
3,15,390.48652259
3,15,269.87222638
3,15,841.07358709
3,15,909.67813527
3,15,89.5708082
3,15,0.30720874
3,15,463.05465415
3,15,37.6975822
3,15,43.01563115
3,15,476.90050394
3,15,82.41729787
3,15,639.74361106
3,15,106.65284676
3,15,389.97496775
3,15,1380.74668786
3,15,395.16549761
3,15,276.15501999
3,15,646.50707037
3,15,376.16259692
3,15,87.66123084
3,15,1614.69616145
3,15,87.80714215
3,15,431.82962891
3,15,60.82363028
3,15,536.40459728
3,15,154.65266429
3,15,2177.03098225
