3,7,1465.79967533
3,7,5864.06694005
3,7,778.27118351
3,7,59.92717863
3,7,473.0204363
3,7,164.44151167
3,7,755.58195573
3,7,3034.67810503
3,7,212.15943592
3,7,1494.58142527
3,7,3241.72011815
3,7,2466.59698468
3,7,836.61478649
3,7,978.29856352
3,7,3441.22422025
3,7,2215.9825139
3,7,2132.93456684
3,7,887.94468669
3,7,2965.54630114
3,7,3627.87058934
3,7,341.41553474
3,7,43.0084713
3,7,1523.99141197
3,7,5778.81123944
3,7,354.36704774
3,7,1366.33247889
3,7,1524.30846949
3,7,421.92844196
3,7,107.58017529
3,7,2592.45674199
