3,19,630.70945827
3,19,566.55677045
3,19,594.62551319
3,19,577.79370572
3,19,586.3330236
3,19,650.44938591
3,19,563.2373151
3,19,526.34126673
3,19,829.27349671
3,19,502.26190067
3,19,575.70179369
3,19,521.49905095
3,19,486.58724396
3,19,493.20856153
3,19,518.60915493
3,19,516.58924175
3,19,483.69583121
3,19,576.91924485
3,19,586.06629427
3,19,564.76495119
3,19,564.18243159
3,19,554.09955292
3,19,525.9208902
3,19,562.89690912
3,19,610.14138475
3,19,706.22818047
3,19,770.96404313
3,19,600.21762573
3,19,593.19037912
3,19,524.08634411
