5,12, 8.22445801e+08
5,12, 2.53235488e+08
5,12, 3.89118886e+08
5,12,73699546.15640776
5,12,55794920.32243162
5,12,96326605.26082441
5,12,65216608.28057609
5,12, 1.31639530e+09
5,12, 3.31513452e+08
5,12,57198035.86770809
5,12, 1.25929829e+09
5,12, 2.19993064e+08
5,12, 1.20209511e+08
5,12,53482761.22501713
5,12, 1.80588074e+08
5,12,80816463.10785139
5,12, 3.08518793e+08
5,12, 9.21487630e+08
5,12, 1.42753965e+08
5,12, 2.29511374e+08
5,12,72812741.64891125
5,12,13437669.10138012
5,12,45695657.27310625
5,12,11308411.94293314
5,12, 8.15432192e+08
5,12,2658955.42776598
5,12, 2.22483528e+08
5,12, 7.66025172e+08
5,12, 8.56948075e+08
5,12,56096688.74749707
5,12,69822685.59542806
5,12, 1.31467653e+08
5,12, 1.30560307e+08
5,12, 2.39773931e+08
5,12, 3.55783216e+08
5,12,2952795.26324023
5,12, 7.91897464e+08
5,12, 3.08373903e+08
5,12, 8.51583494e+08
5,12, 5.42630986e+09
5,12,3274561.81668564
5,12, 5.83576038e+08
5,12,75023892.91991912
5,12, 7.22524195e+08
5,12,65537083.08068895
5,12, 8.73922368e+08
5,12,94171643.77377385
5,12, 1.39094735e+08
5,12, 2.89019848e+08
5,12, 1.88717182e+08
