5,4,461.5032269
5,4,334.00477396
5,4,222.8870521
5,4,194.89297078
5,4,622.14348105
5,4,476.54515618
5,4,40.21812991
5,4,431.87826931
5,4,401.35925757
5,4,202.7984727
5,4,348.40920211
5,4,251.723803
5,4,379.60120901
5,4,636.04327671
5,4,540.12092303
5,4,31.0051218
5,4,384.54885772
5,4,369.85982159
5,4,862.3454742
5,4,5195.11743124
5,4,507.57514452
5,4,402.04493036
5,4,555.87962944
5,4,363.52221606
5,4,310.56236868
5,4,926.70573893
5,4,740.01868333
5,4,437.42032024
5,4,762.93412571
5,4,417.74566372
5,4,232.54072423
5,4,304.88490548
5,4,370.03672613
5,4,164.83102469
5,4,560.14013056
5,4,351.34728672
5,4,531.30788095
5,4,92.89995345
5,4,319.72938327
5,4,197.45467218
5,4,330.92293392
5,4,553.09581841
5,4,389.07362142
5,4,6605.16340019
5,4,593.71515461
5,4,1951.81441398
5,4,329.00734137
5,4,926.07125314
5,4,764.70417565
5,4,242.71130592
