3,8,27702.89443724
3,8,68143.3682141
3,8,7350.03206327
3,8,2475.6728662
3,8,6238.36585701
3,8,244194.85376816
3,8,56487.5513735
3,8,73307.11273062
3,8,34691.86296171
3,8,5924.73652091
3,8,94672.62895143
3,8,23459.04820346
3,8,64042.06386963
3,8,55842.32093587
3,8,180938.99926642
3,8,12830.56766609
3,8,4294.73224141
3,8,13569.61492787
3,8,4300.28859689
3,8,36745.61011615
3,8,62954.25776567
3,8,3308.70120398
3,8,83369.41701936
3,8,2488.03057162
3,8,11933.15861751
3,8,238707.52276567
3,8,177723.28190205
3,8,11565.34201045
3,8,3270.55160755
3,8,162132.48316207
