5,11,14641534.86046795
5,11,6096575.75561486
5,11,29096066.48017744
5,11,32048640.86202015
5,11,26071580.46955563
5,11,14302051.32428198
5,11,45016806.39577642
5,11,10546193.2879537
5,11,19018747.89005006
5,11,21026708.60113957
5,11,10227116.82356369
5,11,10096130.03388808
5,11,3805856.95403507
5,11,635699.90359066
5,11,13743531.84647954
5,11,13178116.24944821
5,11,33128718.82198423
5,11,60504303.23360522
5,11,20216789.98054688
5,11,2506846.56088092
5,11,22126901.85610196
5,11,5829408.39688386
5,11,9534042.18037365
5,11,39980175.21303491
5,11,21772236.97661791
5,11,45833308.22598407
5,11,9226380.35381079
5,11,25707544.53456799
5,11,2306189.16929329
5,11,74049.02626938
5,11,3572149.06491902
5,11,31910133.10633596
5,11,236283.13939842
5,11,1724223.41027739
5,11,10090915.63622272
5,11,19581028.37849038
5,11,32870158.17322657
5,11,11181411.15504736
5,11,50670648.22748579
5,11,20845262.59632541
5,11,16799569.83130218
5,11,1444998.96432301
5,11,33193368.53920087
5,11,1431581.67103079
5,11,6255522.31980327
5,11,108729.34235003
5,11,7701265.19754598
5,11,2338287.60486868
5,11,42099379.63087966
5,11,3485475.84165352
