3,23,70.67911869
3,23,117.24898599
3,23,86.42612
3,23,54.4363615
3,23,99.06209385
3,23,118.12195034
3,23,118.81191366
3,23,67.84878739
3,23,95.66477943
3,23,78.27991467
3,23,91.65072839
3,23,59.214663
3,23,79.10011036
3,23,76.14620559
3,23,89.73583317
3,23,84.60501603
3,23,74.47929236
3,23,67.98973666
3,23,82.77013273
3,23,60.89751272
3,23,79.78808414
3,23,53.54513684
3,23,87.02450509
3,23,103.78677218
3,23,72.07314579
3,23,71.20145357
3,23,101.92550848
3,23,83.40739554
3,23,53.10830901
3,23,108.53592171
