5,9,106195.36576895
5,9,108460.84462434
5,9,40712.41183901
5,9,8050.6995276
5,9,46503.2082215
5,9,70895.60141409
5,9,24826.45596981
5,9,235356.21507981
5,9,201438.5354021
5,9,167.47521294
5,9,53578.24250755
5,9,6537.1853262
5,9,105444.30298679
5,9,228499.29683444
5,9,34358.77286084
5,9,44167.51723884
5,9,28154.03797041
5,9,186785.29608343
5,9,5952.77051322
5,9,3297.22071468
5,9,35039.95448933
5,9,1606.34049727
5,9,40259.79133244
5,9,22469.36263253
5,9,81586.5308422
5,9,31677.07437679
5,9,110783.58299533
5,9,7517.09983693
5,9,8186.81307309
5,9,69830.20307029
5,9,26017.57232257
5,9,64161.00442574
5,9,8526.8370204
5,9,11407.93301563
5,9,88000.80780047
5,9,103788.60965248
5,9,37541.23898155
5,9,21435.27689231
5,9,27276.73534076
5,9,19751.49719421
5,9,170237.82476297
5,9,110463.46005844
5,9,4757.49337084
5,9,10682.41569342
5,9,21257.43721843
5,9,60847.88546549
5,9,3623.10287076
5,9,32384.03581442
5,9,33636.41942462
5,9,110428.8938836
