3,18,160.90523296
3,18,394.08719538
3,18,150.33942288
3,18,483.14318558
3,18,10.9411942
3,18,117.64674757
3,18,243.81917769
3,18,137.55206874
3,18,23.89873314
3,18,95.44890618
3,18,2.2174269
3,18,38.47749405
3,18,276.2565225
3,18,217.95361986
3,18,263.03371519
3,18,697.29752551
3,18,81.17297751
3,18,62.85430229
3,18,25.689156
3,18,694.76781132
3,18,256.58292457
3,18,505.34102824
3,18,1262.11560273
3,18,360.2442499
3,18,381.3555403
3,18,523.21276956
3,18,20.83300468
3,18,19.59084056
3,18,852.09849246
3,18,1327.37405563
