5,7,895.57428019
5,7,564.19162641
5,7,430.34886138
5,7,4.84101226
5,7,1595.63961181
5,7,1190.11867908
5,7,538.83252114
5,7,134.12477166
5,7,480.75257812
5,7,410.46099914
5,7,578.77855423
5,7,97.16544468
5,7,934.59187558
5,7,546.55773845
5,7,270.7606855
5,7,20.40376414
5,7,101.84256375
5,7,55.64425519
5,7,49.31946388
5,7,655.75684188
5,7,466.90846607
5,7,156.99515967
5,7,265.70688592
5,7,904.43019489
5,7,96.69683342
5,7,495.48937909
5,7,558.05393201
5,7,231.57315655
5,7,253.35205022
5,7,555.50749782
5,7,1014.86729118
5,7,71.03080033
5,7,406.01676636
5,7,354.44460928
5,7,115.64674463
5,7,558.10875804
5,7,1025.71049337
5,7,39.97570965
5,7,70.56320196
5,7,124.43296921
5,7,6.25012129
5,7,407.7133058
5,7,21.02931172
5,7,537.564529
5,7,484.46625619
5,7,634.30730138
5,7,461.32558466
5,7,675.05995402
5,7,81.53811011
5,7,25.01557888
