5,13,734.35842425
5,13,1162.34174717
5,13,2219.54213825
5,13,497.80654939
5,13,181.30445245
5,13,1416.31214719
5,13,445.61672663
5,13,1438.55766086
5,13,151.24508127
5,13,1004.26649801
5,13,209.29921352
5,13,175.70846331
5,13,785.90385804
5,13,192.46972935
5,13,176.46353887
5,13,602.99837618
5,13,491.87979529
5,13,861.4354218
5,13,1457.86440834
5,13,757.99532343
5,13,398.53767332
5,13,68.97247005
5,13,1413.56714979
5,13,638.35718571
5,13,1261.25988427
5,13,179.45556766
5,13,1876.41057227
5,13,973.63362663
5,13,195.04760983
5,13,341.947564
5,13,818.78178334
5,13,435.60477375
5,13,1323.53634555
5,13,1356.92985098
5,13,2055.20015472
5,13,957.00463857
5,13,456.41433704
5,13,306.80331509
5,13,1471.96081865
5,13,406.03296383
5,13,451.07750493
5,13,286.85798018
5,13,1025.22335098
5,13,357.780724
5,13,223.525418
5,13,575.14905633
5,13,1710.5009187
5,13,1065.81397139
5,13,76.5481251
5,13,1278.65638243
